0,1,2,3,5,6,12,13,19,20,22,23
0,1,4,5,12,21
0,1,3,7,20,22,23
0,1,3,6,8,10,12,13,20,22,23
0,1,5,6,9,11,12,13,14,18,19
0,1,3,5,6,10,11,12,13,14,18,19,20,22,23
0,1,3,15,20,22,23
0,1,3,5,16,20,22,23
0,1,3,6,10,11,12,13,14,17,18,19,20,22,23,120
0,1,3,5,10,21
0,1,161
0,1,48
0,1,194
0,1,196
0,1,197
0,1,6,10,11,12,13,14,18,19,22,23,66
0,1,6,10,19,23,119
0,1,3,6,10,11,12,13,14,18,19,20,22,23,120
0,1,6,12,19,22,121
0,1,6,12,19,22,122
0,1,6,10,19,22,23,123
0,1,6,10,11,12,13,14,18,19,23,124
0,2,6,8,22,129
0,2,8,16,146
0,2,3,6,12,13,17,19,20,22,149
0,2,150
0,2,6,8,22,156
0,2,7,29
0,2,8,12,13,17,158
0,2,4,9,12,159
0,2,195
0,2,76
0,2,8,16,144
0,2,8,16,145
0,2,6,8,22,147
0,2,3,6,12,13,17,19,20,22,148
0,3,6,11,12,13,14,17,18,19,20,22,171
0,3,6,10,11,12,13,14,17,18,19,20,22,23,132
0,3,24
0,3,5,6,11,12,13,14,18,19,20,22,163
0,3,5,6,11,12,13,14,18,19,20,22,164
0,3,6,11,12,13,14,17,18,19,20,22,165
0,3,6,11,12,13,14,17,18,19,20,22,166
0,3,6,11,12,13,14,17,18,19,20,22,23,167
0,3,6,11,12,13,14,17,18,19,20,22,168
0,3,6,11,12,13,14,17,18,19,20,22,169
0,3,6,11,12,13,14,17,18,19,20,22,170
0,3,20,23,43
0,3,6,11,12,13,14,17,18,19,20,22,172
0,3,6,11,12,13,14,17,18,19,20,22,173
0,3,6,12,14,19,20,22,23,176
0,3,6,8,10,12,13,17,20,22,136
0,3,6,12,14,18,19,20,22,23,178
0,3,6,11,12,13,14,17,18,19,20,22,151
0,3,189
0,3,6,12,14,19,20,22,23,177
0,3,77
0,3,6,10,11,12,13,14,17,18,19,20,22,23,100
0,3,11,12,13,14,17,18,19,20,22,111
0,3,6,11,12,13,14,17,18,19,20,22,127
0,4,162
0,4,78
0,4,5,9,152
0,4,5,9,154
0,4,28
0,5,141
0,5,179
0,5,181
0,5,142
0,6,25
0,6,8,22,26
0,6,9,27
0,6,47
0,6,9,18,19,53
0,6,54
0,6,9,11,12,13,14,17,18,19,73
0,6,9,18,19,74
0,6,9,11,12,13,14,17,18,19,75
0,6,9,17,19,79
0,6,80
0,6,9,82
0,6,83
0,6,9,84
0,6,9,18,19,85
0,6,86
0,6,10,12,17,19,22,23,88
0,6,10,12,17,19,22,23,89
0,6,9,91
0,6,9,11,12,13,14,17,18,19,92
0,6,10,17,19,22,23,94
0,6,10,17,19,22,23,95
0,6,10,17,19,22,23,96
0,6,97
0,6,18,19,99
0,6,10,17,19,22,23,101
0,6,10,23,102
0,6,23,103
0,6,104
0,6,10,19,23,105
0,6,10,17,19,22,23,106
0,6,23,107
0,6,8,10,22,23,108
0,6,109
0,6,9,11,12,13,14,17,18,19,110
0,6,10,17,19,22,23,115
0,6,10,17,19,22,23,116
0,6,10,17,19,22,23,117
0,6,9,118
0,6,13,22,126
0,6,137
0,6,18,19,138
0,6,20,139
0,6,140
0,6,12,18,19,153
0,6,180
0,6,182
0,6,183
0,6,190
0,7,184
0,7,185
0,7,15,22,90
0,7,15,93
0,8,16,22,133
0,8,12,187
0,8,10,191
0,9,11,12,13,14,17,18,19,157
0,9,42
0,9,174
0,9,87
0,9,11,12,13,14,17,18,19,113
0,10,23,40
0,11,46
0,12,55
0,12,13,186
0,12,17,188
0,12,71
0,12,17,60
0,13,22,131
0,13,143
0,13,175
0,13,14,49
0,13,98
0,14,160
0,14,192
0,15,114
0,16,33
0,16,57
0,16,63
0,17,18,56
0,17,64
0,17,68
0,18,134
0,18,62
0,18,193
0,19,128
0,19,135
0,19,38
0,19,39
0,19,52
0,20,22,130
0,20,58
0,20,70
0,20,112
0,20,22,125
0,22,155
0,22,30
0,23,45
0,23,81
31,32,34,37,41,43,51,59,60,61,65,66,67,69
31,32,37,41,51,55,59,60,61,65,66,67,69,72,138,153,155
31,32,34,41,42,55,59,65,66,67,69,72
31,32,34,41,46,55,59,65,66,67,69,72
31,51,59,60,61,66,67,155,160
34,37,51,59,60,61,63,65,66,67
31,34,37,38,41,55,59,65,66,67,69,72
31,32,34,37,39,41,59,65,66,67
31,34,55,59,65,66,67,69,70,72
30,31,32,34,41,51,59,60,61,65,66,67,69
31,32,34,41,45,51,59,60,61,65,66,67,69
31,32,34,37,41,44,59,60,61,65,66,67,69,72
31,32,34,35,41,55,59,65,66,67,69,72
31,32,34,37,41,50,51,55,59,60,61,65,66,67,69,72
31,32,34,36,37,41,51,55,59,60,61,65,66,67,69,72
1,66,67
2,66,67
3,43,67
3,36,43
4,66,67
6,66,67,138,153
6,36,75
8,66,67
9,42,67
9,36,42
10,66,67
10,36,40
11,46,67
11,36,46
12,55,60,66,67,153
12,36,55,60,153
13,66,67
13,36,75,113
14,66,67
14,36,75,113
15,36,113
16,63,67
16,33,36
17,60,66,67
17,36,60
18,66,67,138,153
18,36,75,113
19,38,39,67
19,36,38,39
20,43,67
20,36,43
22,30,67
22,30,36
23,43,45,67
23,36,40,43
34,48,67
34,36,48
67,69,196
36,69,196
66,67,69,119
36,69,119
43,67,120
36,43,120
30,41,67,121
30,36,41,121
30,67,122
30,36,122
31,61,66,67,69,123
31,36,61,69,123
41,55,66,67,69,124,153
36,41,55,69,124,153
46,67,129
36,46,129
38,67,149
36,38,149
66,67,150
66,67,156
29,30,31,32,67
29,30,31,32,36
66,67,158
36,75,113,158
66,67,159
36,75,113,159
31,67,195
31,36,40,195
66,67,148
36,75,113,148
66,67,171
33,36,171
46,67,132
36,46,132
24,44,45,67
24,36,44,45
39,67,163
36,39,163
36,40,164
34,67,165
34,36,165
34,67,166
34,36,166
37,67,167
36,37,167
32,67,168
32,36,168
31,67,169
31,36,169
32,67,170
32,36,170
36,43,67,153
34,66,67,172
34,36,172
33,36,173
46,67,136
36,46,136
30,67,151
30,36,151
31,67,70,189
31,36,70,189
30,67,100
30,36,100
66,67,111
36,75,111,113
41,46,67,127
36,41,46,127
67,138,152,153
36,152,153
39,67,154
36,39,154
28,30,31,32,50,67
28,30,31,32,36,50
30,35,67,141
30,35,36,141
30,60,67,179
30,36,60,179
67,70,181
36,70,181
30,35,67,142
30,35,36,142
25,35,67,72
25,35,36,72
26,34,46,67,69
26,34,36,46,69
27,39,67
27,36,39,113
34,47,66,67
34,36,47,75
34,42,53,67,69
34,36,42,53,69
34,37,54,66,67,69
34,36,37,54,69
34,61,66,67,69,73
34,36,61,69,73
34,45,67,74
34,36,45,74
66,67,79
36,75,79,113
36,75,82,113
42,67,69,83
36,42,69,83
67,84,138
36,75,84,113
32,67,85,138,153
32,36,85,153
67,86,138
33,36,86
55,59,60,61,66,67,88,153
36,55,59,60,61,88,153
31,55,59,61,66,67,89,153
31,36,55,59,61,89,153
59,60,66,67,69,92
36,59,60,69,92
66,67,94
66,67,95
30,41,67,96
30,36,41,96
44,67,99
36,44,99
31,60,61,66,67,101
31,36,60,61,101
66,67,102
36,102,113
66,67,103,138
36,75,103
35,67,104
35,36,104
66,67,105
66,67,106
66,67,107
59,61,66,67,108,138,153
36,59,61,108,153
31,61,66,67,109
31,36,61,109
61,66,67,110
36,61,110
66,67,115
45,61,65,67,116
36,45,61,65,116
66,67,117
46,67,69,118
36,46,69,118
46,67,126
36,46,126
55,67,137,138
36,55,137
67,138,139
36,75,139
30,35,67,69,140
30,35,36,69,140
31,42,67,70,180
31,36,42,70,180
30,67,69,182
30,36,69,182
30,67,69,183
30,36,69,183
67,153,190
36,153,190
37,59,61,66,67,153,184
36,37,59,61,153,184
37,59,61,66,67,153,185
36,37,59,61,153,185
30,67,90
30,36,90
61,67,93
36,61,93
30,67,133
30,36,133
66,67,187
66,67,191
66,67,157
36,75,113,157
31,32,34,35,36,38,41,42,43,46,55,59,65,67,69
66,67,69,87
36,69,87,113
35,36,38,42,43,46,55,67
66,67,186
55,66,67,153,188
36,55,153,188
30,31,32,34,59,61,67,69,71
30,31,32,34,36,59,61,69,71
31,32,36,37,41,43,51,59,60,61,65,67,69,153
30,67,131
30,36,131
61,67,143
36,61,143
30,31,32,34,41,49,51,61,65,67,69
30,31,32,34,36,41,49,51,61,65,69
36,43,45,67,160
66,67,192
66,67,114
30,32,34,41,51,57,61,65,67,69
30,32,34,36,41,51,57,61,65,69
36,43,45,63,67
31,32,34,41,56,59,61,65,66,67,69
31,32,34,36,41,56,59,61,65,69
30,31,32,34,41,51,61,64,65,67,69
30,31,32,34,36,41,51,61,64,65,69
30,32,34,41,51,61,65,67,68,69
30,32,34,36,41,51,61,65,68,69
46,67,134
36,46,134
31,32,34,37,41,43,51,59,60,61,62,65,67,69
31,32,34,36,37,40,41,43,51,59,60,61,62,65,69
66,67,193
46,67,128
36,46,128
46,67,135
36,46,135
31,34,35,36,38,39,41,42,43,45,46,50,59,65,67,69
30,31,32,34,41,51,52,61,65,67,69
30,31,32,34,36,41,51,52,61,65,69
30,67,130
30,36,130
31,32,34,41,58,59,61,65,66,67,69
31,32,34,36,41,58,59,61,65,69
35,36,38,42,43,46,67,70
66,67,112
30,67,125
30,36,125
36,43,44,45,67,155
30,31,32,34,35,36,41,43,59,65,67,69
46,67,81
36,46,81
31,34,35,36,38,39,41,42,43,44,46,50,59,65,67,69
35,36,38,42,43,46,67,72
35,36,38,39,42,43,46,50,67
4,28,50
9,42,50
10,40,50
11,46,50
12,50,55,60
14,50,160
16,50,63
17,50,60
19,38,39,50
20,50,70
22,30,50
23,40,50
34,48,50
50,69,196
31,32,34,37,40,41,50,51,59,60,61,65,66,67,69
34,36,66,67,75
50,69,119
50,55,120
30,41,50,121
30,50,122
31,50,61,69,123
41,50,55,69,124
46,50,129
38,50,149
28,29,30,31,32,50
31,40,50,195
46,50,132
24,44,45,50
39,50,163
40,50,164
34,50,165
34,50,166
37,50,167
32,50,168
31,50,169
32,50,170
34,50,172
46,50,136
30,50,151
31,50,70,189
30,50,100
41,46,50,127
39,50,154
30,35,50,141
30,50,60,179
50,70,181
30,35,50,142
25,35,50,72
26,34,46,50,69
27,39,50
34,47,50
34,42,50,53,69
34,37,50,54,69
34,50,61,69,73
34,45,50,74
6,36,75,153
34,36,50,75
42,50,69,83
32,50,85
50,55,59,60,61,88
31,50,55,59,61,89
50,59,60,69,92
30,41,50,96
28,50,97
44,50,99
31,50,60,61,101
35,50,104
50,59,61,108
31,50,61,109
50,61,110
45,50,61,65,116
28,50,117
46,50,69,118
46,50,126
50,55,137
31,32,37,41,50,51,55,59,60,61,65,67,69,72,138,155
36,67,75,138
30,35,50,69,140
31,42,50,70,180
30,50,69,182
30,50,69,183
37,50,59,61,184
37,50,59,61,185
30,50,90
50,61,93
30,50,133
31,32,34,35,36,38,39,41,42,46,50,55,59,65,67
50,69,87
9,36,75,113
36,39,40,50,70,113
36,66,67,69,113
50,55,188
30,31,32,34,50,59,61,69,71
36,42,44,45,50,60,67
30,50,131
50,61,143
30,31,32,34,41,49,50,51,61,65,69
36,42,45,50,67,160
16,33,36,63
31,32,33,34,36,39,40,41,42,44,50
31,33,34,35,36,38,39,41,42,43,45,46,67
30,32,34,41,50,51,57,61,65,69
36,42,45,50,63,67
31,32,34,41,50,56,59,61,65,69
30,31,32,34,41,50,51,61,64,65,69
30,32,34,41,50,51,61,65,68,69
46,50,134
31,32,34,37,40,41,50,51,59,60,61,62,65,69
46,50,128
46,50,135
30,31,32,34,41,50,51,52,61,65,69
30,50,130
31,32,34,41,50,58,59,61,65,69
31,34,35,36,38,41,42,46,50,55,59,65,67,69,70,72
30,50,125
36,42,44,45,50,67,155
30,31,32,34,35,36,41,42,50,59,65,67,69
31,32,34,35,36,41,42,45,46,50,55,59,65,67,69
46,50,81
31,32,34,35,36,41,42,44,46,50,55,59,65,67,69,72
36,42,44,45,50,61,67
36,37,42,44,50,67
36,42,45,50,51,67
1,51,66
2,51,66
3,43,51
4,51,66
6,51,66,138,153
8,51,66
9,51,66
10,40,51,66
11,51,66
12,51,55,60,66,153
13,49,51
14,49,51
16,51,57
17,51,60,66
18,51,62,66,153
19,51,52,66
20,43,51
21,51,132
22,30,51
23,40,43,51
34,48,51
51,69,196
31,32,34,37,40,41,43,51,59,60,61,65,66,67,69
31,32,36,37,41,51,55,59,60,61,65,66,67,69,72,153,155
51,66,69,119
43,51,120
30,41,51,121
30,51,122
31,51,61,66,69,123
41,51,52,57,64,66,68,69,124
51,129,132
51,132,149
51,66,150
51,66,156
29,30,31,32,51
51,66,158
51,66,159
31,40,51,195
51,132,147
51,66,148
51,66,171
3,43,51,132
46,50,51,132
46,51,67,132
36,46,51,132
24,45,51
51,132,163
40,51,164
34,51,165
34,51,166
37,51,167
32,51,168
31,51,169
32,51,170
34,51,66,172
51,132,173
51,132,176
51,132,136
51,132,178
30,51,151
31,51,189
51,132,177
30,51,100
51,66,111
41,51,127
51,138,152,153
51,66,138,153,154
28,30,31,32,50,51
30,51,141
30,51,60,179
30,51,142
25,51,61,72
26,34,51,61,69
27,51,61,66,69
34,47,51,66
34,51,53,69
34,37,51,54,66,69
34,51,61,66,69,73
34,45,51,74
34,36,51,66,75
51,57,66,79
51,60,66,69,83
51,84,138
32,51,85,138,153
51,86,138
51,55,59,60,61,66,88,153
31,51,55,59,61,66,89,153
51,59,60,66,69,92
51,66,94
51,66,95
30,41,51,96
51,66,99,138,153
31,51,60,61,66,101
51,66,102
51,66,103,138
51,61,66,104
51,66,105
51,66,106
51,66,107
51,59,61,66,108,138,153
31,51,61,66,109
51,61,66,110
51,66,115
45,51,61,65,116
51,66,117
51,69,118,138
51,126,132
51,55,137,138
31,32,36,37,41,51,55,59,60,61,65,67,69,72,138,153,155
51,138,139
30,51,69,140
31,51,60,180
30,51,52,69,182
30,51,52,69,183
51,153,190
37,51,59,61,62,66,153,184
37,51,59,61,62,66,153,185
30,51,90
51,61,93
30,51,133
51,66,187
51,66,191
51,66,157
51,132,174
51,66,69,87
36,40,51,66,69,113
31,36,50,51,55,59,60,61,67,155,160
51,66,186
51,55,66,153,188
30,31,32,34,51,59,61,69,71
30,51,131
51,61,143
51,132,175
13,49,51,66
36,50,51,55,67,155,160
51,66,192
51,66,114
31,32,33,34,36,40,41,43,45,51,60
16,51,57,63
30,32,34,41,51,57,61,65,66,67,69
36,50,51,55,63,67,155
31,32,34,41,51,52,56,61,64,65,66,69
17,51,60,64,66
30,31,32,34,41,51,61,64,65,66,67,69
17,51,60,66,68
30,34,50,51,61,68,160
51,61,66,67,68,160
30,34,36,51,61,68,160
51,132,134
18,51,62,66,138,153
34,37,40,50,51,59,60,61,62,63,65,69
31,32,34,37,41,43,51,59,60,61,62,65,66,67,69
31,32,36,37,41,43,51,59,60,61,62,65,69,153
51,66,193
51,128,132
51,66,135
19,51,52,66,138
30,31,32,34,41,51,52,61,65,66,67,69
30,51,130
31,32,34,41,51,52,58,61,64,65,66,69
51,66,112
30,51,125
30,31,32,34,36,41,50,51,55,59,60,61,65,67,69
36,45,50,51,55,67,155
51,81,132
31,32,34,36,37,41,50,51,55,59,60,61,65,67,69,72,155
34,36,37,50,51,55,59,60,61,63,65,67,155
31,32,34,36,41,45,50,51,55,59,60,61,65,67,69,155
1,66,69,119,123,124
2,66,69,124
3,43,69
4,66,69
6,26,27,53,69,73,83,92,118
7,27,69
8,26,69,124
9,27,53,69,73,87,92,113,118
10,40,66,69
11,46,69
12,55,60,66,69,153
13,49,69
14,49,69
15,27,69,87,92,113
16,57,69
17,56,64,66,68,69,124
18,53,69,73,92,113
19,38,69
20,43,69
21,69,87,92,118
22,26,69,73,92,118
23,40,43,69
34,48,69
1,66,69,196
1,69,119,196
43,69,120
30,41,69,121
30,69,122
1,69,123,196
1,69,124,196
41,51,55,66,69,124,153
36,69,75,113,124
46,69,129
38,69,149
66,69,150
66,69,156
29,30,31,32,69
66,69,73,92,113,124,158
66,69,73,92,113,124,159
31,40,69,195
66,69,73,92,113,124,148
66,69,171
51,69,92,132
24,26,27,69
40,69,164
34,69,165
34,69,166
37,69,167
32,69,168
31,69,169
32,69,170
34,66,69,172
69,92,173
46,69,136
30,69,151
31,69,70,189
30,69,100
26,27,53,69,73,87,92,111,113,118
41,46,69,127
69,92,162
27,53,69,152
53,69,73,138,154
28,30,31,32,50,69
30,35,69,140,141
30,60,69,179
69,70,181
30,35,69,140,142
25,26,27,61,69,73
6,26,27,66,69,73,83,92
26,34,46,50,61,69
26,46,67,69,138
26,34,51,61,69,138
26,34,36,69,75
6,27,66,69,92,119,123
27,39,50,69
27,61,66,67,69
27,36,39,69,113
26,34,47,53,54,69,73
6,27,53,66,69,73,83,92
53,67,69,138,153
51,53,69,138,153
34,36,53,69,75
6,54,66,69,83,92,119,123,124
34,37,54,66,67,69,138
34,37,51,54,66,69,138
34,36,54,69,75
6,54,66,69,73,92,119,124
34,61,66,67,69,73,138
34,51,61,66,69,73,138
34,36,69,73,75
26,27,53,69,73,74,83,87,92,113,118
34,36,66,69,75
27,53,69,73,79,83,87,92,113,118
27,53,69,80,83,118
26,27,53,69,73,82,83,87,92,113,118
42,50,60,69,83
42,66,67,69,83
36,42,69,83,113
26,27,53,69,73,84,87,92,113,118
26,27,53,69,73,85,87,92,113,118
26,53,54,69,73,86,118,138
26,27,53,69,73,83,88,118
26,27,61,69,73,89
27,69,91
36,69,75,92,113
26,27,69,94
26,69,95
26,53,54,69,73,92,96,118
27,53,69,83,97,118
44,69,99
26,61,69,101
27,66,69,83,87,92,102,113
26,53,54,69,73,103,118,138
26,27,61,69,73,104
66,69,92,105,119,123,124
26,27,69,106
27,66,69,107
26,27,53,69,73,83,87,92,108,113,118
26,27,53,69,73,83,109
26,27,53,69,73,83,87,92,110,113,118
26,27,69,115
26,27,61,69,73,116
26,69,117
6,27,66,69,73,83,92,118
46,67,69,118,138
51,69,118,132
36,69,75,113,118
46,69,126
26,53,54,69,73,83,92,118,137
26,53,54,69,73,118,138,139
6,66,69,140
31,42,69,70,180
6,66,69,182
6,66,69,183
53,69,83,92,190
37,59,61,62,66,69,153,184
37,59,61,62,66,69,153,185
27,53,69,83,90,92,118
26,27,61,69,73,93
30,69,133
66,69,187
66,69,191
66,69,73,92,113,124,157
9,27,66,69,73,87,92,113,124
34,36,66,69,75,113
36,39,40,50,69,113
66,69,124,186
55,66,69,124,153,188
12,66,69,71,124
30,31,32,34,44,50,59,61,69,71
30,31,32,34,59,61,66,67,69,71
30,31,32,34,51,59,61,66,69,71
30,31,32,34,36,44,59,61,69,71
30,69,131,140
26,27,61,69,73,143
69,87,92,118,175
32,34,41,49,51,52,57,61,64,65,66,68,69
53,54,69,83,98
30,36,50,51,67,69,160
66,69,73,87,92,192
27,66,69,83,92,114,123
31,32,33,34,36,40,41,42,43,44,69
41,51,57,66,69,124,153
30,36,50,51,63,67,69
17,56,66,69,119,124
31,50,56,59,61,69,160
32,34,41,51,52,56,57,61,64,65,66,68,69
31,36,56,59,61,69,160
41,51,64,66,69,124,153
41,51,66,68,69,124,153
30,50,51,61,68,69,160
30,32,34,41,51,61,65,66,67,68,69
30,36,51,61,68,69,160
46,69,134
31,32,34,37,40,41,43,51,59,60,61,62,65,66,69
66,69,73,193
46,69,128
46,69,135
31,32,34,36,37,39,40,41,43,50,51,59,65,67
41,51,52,66,69,124,153
30,69,130,182,183
20,43,58,69
32,34,41,51,52,57,58,61,64,65,66,68,69
26,69,112
30,69,125
46,69,81
1,23,81
2,23,81
3,23,81,132
5,23,81
6,23,79,81,108
7,23,79,81
8,23,81,108
9,53,74,79,81,108,110
10,23,79,81,108
11,23,81,132
12,23,81,132
13,23,81,132
14,23,81,132
15,23,79,81
16,23,81
17,23,79,81
18,23,81,108
19,23,79,81,108
20,23,81,132
21,81,132
22,23,79,81,108
23,81,120,132
81,83,90,121
54,74,81,83,90,108,122
81,127,132,135,136,149
81,108,156
81,108,110,158
81,110,159
81,127,128,129,132,134,136,147
81,110,148
81,127,132,134,136,171
81,127,132,136,163
81,127,132,135,136,164
81,127,128,132,136,165
81,127,128,132,136,166
23,81,132,167
81,127,132,135,136,168
81,127,128,132,136,169
81,127,132,134,136,170
81,127,132,134,136,172
81,127,132,136,173
23,81,132,176
23,81,132,178
81,127,132,136,151
23,81,132,177
23,79,81,100
53,74,79,81,108,110,111
53,74,81,99,108,152
53,74,81,99,108,154
28,81,97
25,79,80,81,97,99,108,109,110
47,53,54,74,79,81,83
53,54,69,81,83
26,34,53,54,69,73,75
53,54,74,75,79,81,110
53,74,79,81,82,83,108,109,110
53,54,74,79,81,84,108,110
53,54,74,79,81,85,99,108,110
53,54,74,79,80,81,86,97,99,108
23,79,81,88,108
23,79,81,89,108
79,81,90,91,109,110
23,79,81,94
23,79,81,95
23,79,81,96
23,79,81,101
23,79,81,102,108
23,79,81,103
54,79,80,81,83,97,99,104,108,109,110
23,79,81,105,108
23,79,81,106
23,79,81,107,108
23,79,81,115
23,79,81,108,116
23,79,81,117
