0,1,2,3,5,6,12,13,19,20,22,23
0,1,6,10,11,12,13,14,17,18,19,22,23,66
0,2,6,8,10,19,22,129
0,2,4,5,9,12,16
0,2,3,7,8,15,16,17,20,22,23
0,2,4,5,6,9,12
0,1,3,5,6,10,11,12,13,14,18,19,20,22,23
0,2,3,6,16,17,20,22,149
0,2,3,6,7,8,17,20,22,23
0,1,4,5,12,21
1,161,162
1,34,48,66
1,174,194
1,66,69,196
1,66,114,197
1,2,6,12,13,19,22,23,66,124
1,66,69,119,123,124
1,3,6,10,11,12,13,14,18,19,20,22,23,120,132
1,22,121,122,130
1,6,10,12,19,22,23,66,88,123,124
2,19,128,129,147,148
2,8,9,16,144,145,146
2,3,6,12,13,17,19,20,22,132,148,149
2,4,66,150
2,6,8,22,66,129,156
2,29,32,66
2,9,12,13,17,19,66,75,124,148,158,159
2,40,66,195
2,3,76,77
3,18,120,127,132,134,136,167,170,171,172
22,125,128,129,130,132,136,147
3,24,43,44
3,5,6,11,12,13,14,18,19,20,22,132,163,164
19,20,128,130,132,136,165,166
3,19,127,128,132,136,148,165,166,167,169
3,6,11,12,13,14,17,18,19,20,22,100,120,127,132,136,148,149,151,163,164,165,166,167,168,169,170,171,172,173
3,43,65
3,6,12,14,19,20,22,23,132,167,176,177,178
3,6,11,12,14,18,19,20,22,23,132,149,167,178
3,5,181,189
3,20,22,100,130,132,136,165,166
3,6,9,11,12,13,14,17,18,19,111,148
6,19,127,128,129,132,136,147,166
6,89,92,116,162
2,4,76,78
4,5,6,9,152,154,163,164
4,131,154
28,32,97
5,35,141,142
5,179,180,181
6,25,66,72
6,8,26,137
6,7,27,79,80,91,109,110
6,47,54,66,73,74,75,79,103,118,138
6,9,18,19,53,73,74,85,108,138,152,154
6,26,47,53,54,73,74,75,84,85,86,103,118,137,138,139
6,9,18,19,53,66,73,74,75,138,154
6,9,18,19,53,66,73,74,75,108,138
0,6,7,17,22,23,79
6,54,74,79,80,83,86,89,97,99,108,118
6,9,27,53,73,74,75,79,82,84,85,92,110,111,118
6,19,66,83,135
6,9,53,73,74,75,79,84,85,86,108,118
6,10,12,17,19,22,23,66,79,88,89,100
22,92,130,132,133
6,66,88,89,94,95,101,106,115,116,117,121,122,154,193
22,30,90,96,100,121,122,125,130,131,133
6,7,27,79,80,97,99,109,110
6,10,17,19,22,23,66,79,88,89,94,95,96,100,101,106,115,116,117
6,27,66,73,79,83,87,89,92,102,108,110,116,118
66,73,103,111,121,154,192,193
6,25,26,27,73,88,89,104,108,109,110,116,143
6,66,79,83,88,89,92,99,102,105,108,116,118
6,27,66,79,83,88,89,99,102,104,107,108,116,118
6,8,22,66,108,133,156
6,7,17,27,79,110
6,65,66,116,138
6,23,107,118,132
96,125,126,127,128
6,26,53,54,73,74,75,85,86,96,118,139
30,35,131,140
6,12,18,19,66,73,138,153
42,70,179,180
129,130,182,183
6,53,74,83,99,153,190
37,59,61,62,66,153,184,185
7,27,79,80,90,93,97,99,110,118
22,66,100,121,122,131,133
8,12,13,66,100,158,187
4,66,163,191
9,11,12,13,14,17,18,19,66,73,75,92,110,111,113,124,148,157,158,159
31,32,34,35,36,42,46,50,55,59,65,67,69,70,72
128,130,132,136,147,165,166,174,175
14,66,87,92,132,192
31,34,40,55,59,65,66,69,70
46,81,125,126,127,128,129,132,134,135,136
6,55,137,138,153
19,66,100,135,158,186
6,12,17,66,88,89,100,122,124,188
31,32,34,37,44,59,61,66,69,71
31,32,36,37,41,51,55,59,60,61,65,67,69,72,138,153,155
25,26,27,61,73,88,89,93,104,108,109,110,116,143
128,132,175,192
30,32,34,41,49,51,52,57,61,64,65,68,69
53,54,74,79,80,81,83,90,97,98,99,108,109,110
31,36,45,50,51,59,60,61,63,65,67,155,160
3,33,171,173
30,32,34,41,51,52,57,61,64,65,66,68,69
30,31,36,50,51,59,60,61,63,65,67,155,160
31,32,34,41,52,56,58,61,64,65,66,68,69
30,31,32,34,41,51,52,61,64,65,66,68,69
31,32,34,37,41,51,55,59,60,61,62,65,66,69,153
18,66,73,108,111,154,192,193
31,34,35,36,38,41,42,46,50,55,59,65,67,69,70,72
31,32,34,35,36,37,38,39,41,43,50,59,65,67,69
125,128,130,131,136
41,52,56,57,58,64,65,66,68,69,124
66,79,88,89,94,95,101,106,112,115,116,117,193
31,32,37,41,51,55,59,60,61,65,66,67,69,72,138,153,155
30,51,130,132
31,32,34,36,37,41,44,45,50,51,59,60,61,65,67,69,155
31,32,34,36,37,41,44,50,51,59,60,61,65,67,69,72,155
26,61,73,108,138,143
31,34,55,59,65,66,67,69,70,72
26,34,44,46,61,69
32,41,51,61,65,66,68,69,138
31,36,50,55,59,65,67,69,70,72,155
31,32,36,37,41,44,59,60,61,65,67,69,72,153,155
6,51,132,138
51,66,132
51,132,138
31,32,34,36,37,40,41,43,50,51,59,60,61,65,67,69
51,132,153
31,32,34,36,37,40,41,51,55,59,60,61,65,66,69
51,55,132
51,60,132
51,132,160
51,57,132
51,63,132
51,64,132
51,68,132
51,62,132
51,52,132
51,132,155
30,31,32,34,36,41,49,51,61,65,69
31,32,34,36,37,41,45,50,51,59,60,61,65,67,69,155
51,61,132
51,72,132
30,31,32,34,36,37,41,50,51,59,60,61,65,67,69
51,69,132
31,32,34,36,37,41,50,51,55,59,60,61,65,67,69,72,155
51,65,132
31,32,36,37,41,50,51,55,59,60,61,65,67,69,72,153,155
51,59,132
51,67,132
31,32,34,36,37,41,43,45,50,51,59,60,61,65,67,69
31,51,59,60,61,67,138,155,160
37,51,59,60,61,63,65,67,138,155
0,16,63
16,63,67
16,51,57,63
46,51,67,132
34,36,42,45,50,59,63,65,67
31,32,34,36,41,42,43,51,59,65,67,69,72
46,67,128
34,36,45,46,50,59,63,65,67
30,36,50,51,59,60,61,63,65,67,155,160
30,34,49,51,61,63,65
30,31,32,34,41,49,51,61,65,67,69
30,34,51,57,61,63,65
30,32,34,41,51,57,61,65,66,67,69
30,34,51,61,63,64,65
30,31,32,34,41,51,61,64,65,66,67,69
30,34,51,61,63,65,68
30,32,34,41,51,61,65,66,67,68,69
34,36,37,38,50,59,63,65,67
31,34,36,37,38,41,43,51,59,65,67,69,72
34,36,37,39,40,50,59,63,65,67
31,32,34,36,37,39,40,41,43,50,51,59,65,67
30,34,51,52,61,63,65
30,31,32,34,41,51,52,61,65,66,67,69
34,36,40,50,59,63,65,67,70
31,34,36,40,50,51,59,65,67,69,70
30,36,50,51,63,67,155,160
30,34,36,37,50,51,59,60,61,63,65,67
36,45,50,51,59,60,61,63,65,67,155,160
34,36,37,44,45,50,59,60,61,63,65,67,155
30,34,35,36,45,50,59,63,65,67
30,31,32,34,35,36,41,50,51,59,65,67,69,72
34,36,37,45,50,51,59,60,61,63,65,67,155
16,33,37,63
29,30,31,32,33,37
29,30,37,63
29,30,31,32,37,67
29,30,31,32,37,51
37,51,132,167
6,37,138,167
37,63,167
37,67,167
37,54,66,69,138,153
34,37,54,63
34,37,54,66,67,69,138
34,37,51,54,66,69,138
37,59,61,66,138,153,184
37,59,61,62,63,184
37,59,61,66,67,153,184
37,51,59,61,62,66,153,184
37,59,61,66,138,153,185
37,59,61,62,63,185
37,59,61,66,67,153,185
37,51,59,61,62,66,153,185
31,32,33,34,36,37,38,39,41,42,43,67
31,32,33,34,36,37,38,39,41,43,46,67
34,36,37,50,51,59,60,61,63,65,67,155
31,32,34,37,41,49,51,61,65,69
33,37,66,171
30,31,32,33,34,36,37,41,60,67
30,31,32,33,34,36,37,41,51,60
32,34,37,41,51,57,61,65,66,69
31,32,34,37,41,51,61,64,65,66,69
32,34,37,41,51,61,65,66,68,69
31,37,38,41,55,59,65,67,69,72,138
31,34,36,37,38,41,43,50,51,59,65,67,69
31,32,37,39,41,59,65,67,138
31,32,34,37,41,51,52,61,65,66,69
31,34,36,37,38,50,55,59,65,67,69,70,72
34,37,51,63,67,155
31,32,37,41,44,59,60,61,65,67,69,72,138,155
31,32,34,35,36,37,38,41,43,59,65,67,69,72
31,32,37,40,41,51,59,60,61,65,66,69,138
31,32,34,35,36,37,38,41,50,55,59,65,67,69,72
31,36,37,50,51,59,60,61,63,67,155,160
31,32,33,34,35,36,37,39,41,43,44,67
31,32,37,41,51,59,60,61,62,65,66,69,138,153
31,32,34,37,41,51,59,60,61,62,65,66,67,69,153
31,32,34,35,36,37,41,43,44,59,65,67,69,72
31,32,33,34,35,36,37,38,39,41,43,67
31,61,66,69,123,138
31,61,66,67,69,123
31,37,61,66,69,123
31,35,69,123
29,30,31,32,35
31,138,195
31,67,195
31,37,40,195
31,35,195
31,37,167,169
6,31,138,169
31,67,169
31,35,169
31,138,189
31,67,70,189
31,37,189
31,35,70,189
28,29,30,31,32,50
28,30,31,32,50,67
28,29,31,32,37,50
28,30,31,32,35,50
30,35,65,141
30,31,35,71,141
30,35,65,142
29,30,31,35,142
6,25,35,104
25,31,35,61,72
31,34,37,54,66,69,138
31,55,59,61,66,89,138,153
31,55,59,61,66,67,89,153
31,37,55,59,61,62,66,89,153
31,35,55,59,89
31,60,61,66,101,138
31,60,61,66,67,101
31,37,60,61,66,101
31,35,101,104
35,61,65,104
31,35,61,104
31,61,66,73,109,138
31,61,66,67,109
31,37,61,66,109
25,31,35,109
30,35,65,69,140
30,31,35,69,140
31,60,138,180
31,42,60,67,180
31,37,60,180
31,35,42,70,180
31,37,59,61,62,66,153,184
31,37,59,61,62,66,153,185
31,32,34,36,37,39,40,41,43,44,50,59,60,65,67
31,32,33,34,35,36,39,40,41,43,44,59
31,32,34,35,36,37,38,39,41,50,55,59,65,67
31,32,59,61,66,69,71,138
30,31,32,34,44,59,61,67,69,71
30,31,32,34,35,44,59,69,71
31,32,41,49,51,61,65,69,138
30,31,32,34,35,41,49,65,69
30,31,35,36,45,50,59,67,160
31,34,36,37,45,50,51,59,60,61,63,65,67,155
31,32,41,56,59,61,65,66,69,138
31,32,34,41,56,59,61,65,66,67,69
31,32,34,37,41,56,59,61,65,66,69
31,32,34,35,41,56,59,65,69
31,32,41,51,61,64,65,66,69,138
30,31,32,34,35,41,64,65,69
31,32,34,35,41,43,59,62,65,69
31,32,41,51,52,61,65,66,69,138
30,31,32,34,35,41,52,65,69
31,32,41,58,59,61,65,66,69,138
31,32,34,41,58,59,61,65,66,67,69
31,32,34,37,41,58,59,61,65,66,69
31,32,34,35,41,58,59,65,69
31,32,34,35,36,37,39,41,43,44,50,59,65,67,69
31,32,34,35,36,37,38,39,41,50,59,65,67,72
31,61,66,69,72,123
29,31,32,37,72
31,72,195
37,72,167
31,72,169
31,70,72,189
28,31,32,50,72
25,35,61,72,104
25,37,61,72
25,35,61,67,72
34,37,54,66,69,72,138
31,55,59,61,66,72,89,153
31,60,61,66,72,101
31,61,66,72,109
31,42,60,72,180
37,59,61,66,72,153,184
37,59,61,66,72,153,185
31,32,34,36,37,40,41,44,50,51,59,60,61,65,69,72
31,32,34,44,59,61,66,69,71,72
31,32,34,41,49,51,61,65,69,72
31,36,50,51,59,60,61,67,72,155,160
31,32,33,34,35,36,37,38,41,72
34,36,37,50,51,59,60,61,63,65,67,72,155
31,32,34,41,56,59,61,65,66,69,72
31,32,34,41,51,61,64,65,66,69,72
31,32,34,37,41,51,59,60,61,62,65,66,69,72,153
31,32,34,41,51,52,61,65,66,69,72
31,32,34,41,58,59,61,65,66,69,72
30,31,32,34,35,36,41,45,50,51,59,65,67,69
31,32,35,36,41,44,45,50,59,65,67,69,72,155
31,32,34,35,36,37,41,44,50,55,59,65,67,69,72
31,32,34,35,41,55,59,65,66,67,69,72
31,32,34,37,41,44,59,60,61,65,66,67,69,72,155
31,44,61,69,123
29,31,32,37,44
31,40,44,195
24,31,44,45
24,44,45,67
24,37,44
24,25,44,72
24,35,44,45
31,44,169
31,44,189
28,31,32,44,50
25,35,44,61,72
31,44,59,61,89
44,65,99,138
31,44,99,138
44,66,67,99
37,44,99,138
44,66,72,99
25,35,44,99
31,44,60,61,101
31,44,61,109
31,32,35,41,55,59,65,67,69,72,138
31,32,35,36,41,55,59,65,67,69,72,153
31,42,44,60,180
31,32,34,41,44,49,61,65,69
31,36,44,45,50,59,60,61,67,155,160
31,32,33,34,35,36,37,41,44,72
31,32,34,41,44,56,59,61,65,69
31,32,34,41,44,61,64,65,69
31,32,34,37,40,41,43,44,59,60,61,62,65,69
31,32,34,41,44,52,61,65,69
31,32,34,41,44,58,59,61,65,69
31,34,35,36,42,44,46,50,59,65,67,69,70,72
30,31,32,33,34,35,36,41,44,60,67
31,32,34,35,36,37,41,44,50,59,65,67,69,72
34,44,48
34,35,48
34,48,72
34,48,67
31,34,48
34,37,48
31,32,34,37,41,51,55,59,60,61,65,66,67,69,72,138
31,34,58,61,66,69,123
29,30,31,32,34,37
31,34,40,195
24,34,44,45
34,44,165
34,35,165
34,72,165
34,67,165
31,34,165,169
34,37,165,167
34,44,166
34,35,166
34,72,166
34,67,166
31,34,166,169
34,37,166,167
34,37,167,172
31,34,169,172
34,44,172
34,35,172
34,66,72,172
34,66,67,172
31,34,66,172
34,37,66,172
31,34,70,189
28,30,31,32,34,50
30,34,35,71,141
35,72,141
30,34,35,142
35,72,142
25,34,35,61,72
6,26,34,47,53,54,73,74,75
25,26,34,35
26,34,61,69,72,138
26,34,61,67,69,138
26,31,34,61,69,138
26,34,37,54,69,138
24,26,34,44
24,34,44,47
34,35,47,104
34,47,66,72,138
34,47,66,67,138
31,34,47,66,138
34,37,47,54,66,138
34,42,44,53,69
34,35,42,53,69
34,42,53,69,72
34,42,53,67,69
31,34,53,69,138
34,37,53,54,69,138
34,37,44,54,69
34,35,54,69
34,44,61,69,73
34,35,69,73
34,61,66,69,72,73,138
34,61,66,67,69,73,138
31,34,61,66,69,73,138
34,37,54,61,66,69,73,138
34,44,45,74
34,35,45,74
34,66,72,74,138
34,45,66,67,74
31,34,66,74,138
34,37,54,66,74,138
34,36,44,75
34,35,36,75
34,36,66,72,75
34,36,66,67,75
31,34,66,75,138
34,36,37,54,75
31,34,55,59,61,62,66,89
34,44,53,99
31,34,60,61,66,101
26,34,35,104
35,66,67,104
31,34,61,66,73,109
30,34,35,69,140
35,69,72,140
31,32,34,36,37,41,51,55,59,60,61,65,66,67,69,72,153
31,34,42,60,180
34,37,59,61,62,66,184
34,37,59,61,62,66,185
30,31,34,36,45,50,51,59,60,61,63,67,160
32,34,41,44,57,61,65,69
30,32,34,35,41,57,65,69
32,34,41,51,57,61,65,66,69,72
30,31,32,34,41,49,51,52,57,61,64,65,69
34,36,37,40,44,50,59,60,61,63,65,67
32,34,41,44,61,65,68,69
30,32,34,35,41,65,68,69
32,34,41,51,61,65,66,68,69,72
30,31,32,34,41,49,51,52,61,64,65,68,69
31,32,33,34,35,36,39,41,42,43,44,45,46,67
31,32,34,35,36,41,42,44,45,46,50,59,65,67,69,72
0,23,45
23,34,40,43,45
34,45,48
31,32,34,41,45,51,59,60,61,65,66,67,69,155
24,44,45,65
34,45,165
34,45,166
34,45,172
24,26,34,45
34,45,47,74
34,42,45,53,69
34,45,54,69,74
34,45,61,69,73
31,34,45,66,74
34,36,45,74,75
45,55,61,65,67,116
26,34,45,61,116
31,32,33,34,36,39,40,41,43,44,45,59,60
31,32,34,35,36,41,42,45,46,50,55,59,65,67,69
31,32,34,44,45,59,61,69,71
31,32,34,35,36,41,44,45,50,59,60,65,67,69,72
31,32,34,41,45,49,51,61,65,69
31,32,36,45,50,51,59,60,61,67,155,160
32,34,41,45,51,57,61,65,69
31,32,34,41,45,56,59,61,65,69
31,32,34,41,45,51,61,64,65,69
32,34,41,45,51,61,65,68,69
31,32,34,41,43,45,51,59,60,61,62,65,69
31,33,34,35,36,38,39,41,42,43,45,46,67
31,34,35,36,37,38,39,41,44,50,59,65,67,72
31,32,34,41,45,51,52,61,65,69
31,32,34,41,45,58,59,61,65,69
31,34,35,36,42,45,46,50,59,65,67,69,70
31,32,34,36,41,44,45,50,51,59,60,61,65,67,69,72,155
31,32,34,35,36,41,44,45,50,59,61,65,67,69,72
31,32,34,35,36,41,45,50,51,59,65,67,69,72
31,40,51,195
3,23,24,45
31,51,189
28,30,31,32,50,51
31,51,60,61,66,101
31,51,61,66,109
31,32,41,45,51,59,60,61,65,67,69,138,155
31,32,36,41,45,51,59,60,61,65,67,69,153,155
31,51,60,180
31,32,33,34,36,40,41,43,45,51,60
30,31,32,33,34,35,36,41,45,60,67
30,31,34,36,45,50,51,59,60,61,63,65,67
16,33,34,63
16,23,45,63
34,37,40,51,59,60,61,63,65,66,67
36,37,51,59,60,61,63,65,67,153,155
30,31,34,36,40,50,51,59,60,61,63,65
31,34,36,40,45,50,51,59,60,61,63,65
31,34,36,37,40,50,51,59,60,61,63,65,67
30,31,32,34,35,36,41,50,51,55,59,65,67,69
34,36,37,50,51,55,59,60,61,63,65,67,155
30,31,32,33,34,44,71
34,36,45,50,51,59,60,61,63,65,67,155
34,36,45,50,51,59,60,61,63,67,160
30,31,32,33,34,35,36,41,45,50,60
30,31,32,34,36,41,51,61,64,65,69
30,31,34,51,59,60,61,62,63,65
31,34,45,51,59,60,61,62,63,65
31,34,37,51,59,60,61,62,63,65,67
31,33,34,35,36,37,38,39,41,43,44,67
34,36,37,39,45,50,59,63,65,67
30,31,32,34,36,41,51,52,61,65,69
31,32,34,36,37,41,43,44,51,59,60,61,65,67,69,72
46,51,72,132
25,34,61,72,73
25,51,61,72
31,32,34,36,37,40,41,43,44,50,51,59,60,61,65,67,69
33,34,171,172
30,31,32,34,41,51,59,60,61,62,65,69
31,32,34,35,36,37,39,41,44,50,59,65,67,72
0,19,39
19,34,38,39
34,39,48
30,39,65,122
30,34,39,122
39,65,163
34,39,163,172
19,34,39,165
19,34,39,166
19,34,39,172
39,65,138,154
34,39,53,154
26,27,34,39
6,19,27,39
34,39,47
34,39,42,53
34,37,39,54
19,34,39,73
34,39,45,74
34,36,39,75,113
31,32,34,35,36,39,41,42,44,46,50,59,65,67,72
36,39,40,65,69,113
31,32,34,39,44,59,71
31,32,34,39,41,49,65
30,31,32,33,34,35,36,39,41,50
30,31,32,33,34,35,36,39,41,67
32,34,39,41,57,65
31,32,34,39,41,56,59,65
31,32,34,39,41,64,65
32,34,39,41,65,68
31,32,34,37,39,40,41,43,59,62,65
31,32,34,39,41,52,65
31,32,34,39,41,58,59,65
0,20,58
34,48,58
41,58,64,66,121,124
31,58,64,66,69,123,124
20,34,58,165
20,34,58,166
34,58,66,172
26,34,58,61,69
34,47,58,66,83
34,53,58,69,83
34,54,58,66,69,83
34,56,58,61,66,69,73
34,58,66,74,83
34,58,66,75,124
58,64,66,69,83,124
31,32,34,41,55,58,59,61,65,66,69
17,58,64,66,124,188
30,31,32,33,34,35,36,41,44,50,60
31,32,33,34,36,37,39,40,41,43,44,59,60
31,32,34,41,58,59,60,61,65,66,69
31,32,34,41,49,52,57,58,61,64,65,69
34,58,59,61,63,65
31,32,34,41,58,59,61,62,65,66,69
31,34,35,36,40,44,50,59,65,69,70
31,34,35,36,38,39,42,46,50,59,65,67,70
31,34,58,59,65,69,70
30,31,32,34,41,52,57,58,61,64,65,69
31,32,34,41,51,52,57,58,61,64,65,66,69
34,48,51
26,34,58,69,124
34,51,132,172
34,51,132,165
34,51,132,166
34,51,66,172
26,34,51,61,69,138
34,47,51,66,138
34,51,53,69,138
34,51,61,66,69,73,138
34,45,51,66,74
34,36,51,66,75
26,34,58,69,83
31,32,33,34,35,36,39,41,42,43,44,45,46,59
31,32,34,41,42,58,59,65,69
31,32,34,36,41,42,43,45,50,51,59,65,67,69
31,32,34,41,46,58,59,65,69
31,32,34,36,41,43,45,46,50,51,59,65,67,69
34,55,58,66,188
31,32,33,34,41,58
31,32,34,41,51,52,58,61,64,65,66,68,69
31,33,34,35,36,37,38,39,41,43,44,59
31,34,38,41,58,59,65,69
31,32,33,34,35,36,37,39,41,43,44,59
31,34,36,40,50,51,55,59,65,69,70
30,31,32,34,35,36,41,43,51,59,65,67,69
31,32,34,41,51,52,58,59,61,65,66,69
20,31,58,169
30,31,41,58,121
31,32,58,61,66,69,123
31,51,61,66,69,123
31,41,58,66,69,124,153
29,31,32,58
31,58,195
31,46,51,132
31,51,132,169
31,58,189
28,31,32,58
31,42,58,69,83
31,51,55,59,61,62,66,89,153
31,58,59,61,66,89,123
31,58,61,66,101,123
31,58,61,66,109,123
31,32,41,58,59,61,65,66,69,153
31,58,180
30,31,32,33,34,35,36,41,42,67
30,31,32,33,34,35,36,41,46,67
31,58,66,153,188
31,56,58,59,61,160
30,31,34,36,37,50,51,59,60,61,63,65,67
30,31,33,34,35,36,38,41,67
30,31,34,35,36,50,59,65,67,69,70
31,32,41,58,59,61,65,66,69,155
0,22,155
22,31,155,169
31,32,37,41,43,51,59,60,61,65,67,69,138
31,32,34,41,43,58,59,61,65,69
31,32,36,37,41,43,44,45,51,59,60,61,65,67,69,155
31,55,59,61,66,89,153,155
31,32,41,42,55,59,65,67,69,72,138
31,32,36,41,42,44,45,50,59,65,67,69,72,155
31,32,36,37,40,41,44,50,51,59,60,61,65,69,155
31,32,41,46,55,59,65,67,69,72,138
31,32,41,49,51,61,65,69,155
31,32,33,37,41,60,138
31,32,33,36,37,41,44,45,60,155
32,34,41,51,52,57,58,61,64,65,66,68,69
30,31,32,34,41,52,58,61,64,65,68,69
31,32,36,37,39,41,44,45,50,59,65,67,155
31,55,59,65,67,69,70,72,138
20,31,70
31,70,179,180
31,70,180,181
31,42,67,70,180
31,34,35,36,38,42,46,50,55,59,65,67,69,70,72
31,36,40,70,113
31,34,36,40,50,59,65,67,69,70
0,10,23,40
10,31,40,66,89
10,20,40,70
0,20,70
23,31,40,43,45
20,23,40,70
31,40,61,66,69,123
29,31,32,37,40
40,65,164
31,40,164,169
20,40,70,164
28,31,32,40,50
60,65,70,179
40,60,70,179
65,70,181
40,70,181
31,40,59,61,62,66,89
31,40,60,61,66,101
31,40,61,66,109
31,32,36,37,40,41,51,59,60,61,62,65,69,153
31,40,70,113
31,32,34,40,44,59,61,66,69,71
31,32,34,40,41,49,51,61,65,69
31,36,40,50,51,59,60,61,63,160
34,37,40,51,59,60,61,62,63,65,66
31,32,34,40,41,56,59,61,65,66,69
31,32,34,40,41,51,61,64,65,66,69
31,32,34,40,41,51,52,61,65,66,69
31,32,34,40,41,58,59,61,65,66,69
30,31,32,33,34,36,40,41,51,60
31,34,36,40,50,59,65,69,70
10,34,40,66
20,34,70,165
34,40,48
34,48,70
31,32,40,195
31,40,70,195
34,40,164,172
34,40,164,165
34,40,164,166
20,34,70,166
34,40,66,172
20,34,70,172
31,40,70,189
30,34,70,179
34,70,181
26,34,40,61,69
26,34,46,69,70
34,40,47,66
34,47,70
34,40,53,69,113
34,42,53,69,70
34,37,40,54,66,69
34,54,69,70
34,40,61,66,69,73
34,69,70,73,113
34,40,66,74,113
34,70,74,113
34,36,40,66,75,113
34,36,70,75,113
31,34,42,70,180
31,40,60,70,180
40,65,66,69,70,113
34,36,39,40,70,113
31,34,59,69,70,71
31,34,49,65,69,70
32,34,40,41,51,57,61,65,66,69
34,57,65,69,70
31,34,56,59,65,69,70
31,34,64,65,69,70
32,34,40,41,51,61,65,66,68,69
34,65,68,69,70
31,34,52,65,69,70
0,19,52
19,34,38,52
34,48,52
19,34,52,165
19,34,52,166
30,31,32,33,34,35,36,41,43,60,67
31,34,35,36,38,42,43,46,59,65,67,69,70
31,32,34,41,43,51,52,61,65,69
19,34,52,66,172
26,34,52,61,69
34,47,52,66
34,52,53,69
34,52,54,66,69
34,52,56,61,66,69,73
19,34,52,66,74
19,34,52,66,75
30,52,64,69,182
30,34,52,69,182
30,52,64,69,183
30,34,52,69,183
36,40,65,69,70,113
30,31,32,34,52,56,61,69,71
31,34,36,40,50,59,60,65,67,69,70
30,31,32,34,41,51,52,60,61,65,66,69
31,33,34,35,36,38,42,46,70
30,31,32,33,34,41,52
31,34,40,59,62,65,69,70
31,32,34,41,51,52,61,62,65,66,69
0,18,62
18,34,62,166
34,48,62
18,34,62,165
18,34,62,66,172
26,34,61,62,69
34,47,62,66,89
34,53,62,69,153
34,37,54,62,66,69
34,61,62,66,69,73
18,34,62,66,74
18,34,62,66,75
31,32,55,59,61,62,66,89,153
37,59,61,62,65,66,153,184
37,59,61,62,65,66,153,185
31,32,34,41,42,43,59,62,65,69
31,32,34,41,42,52,65,69
31,32,34,41,43,46,59,62,65,69
31,32,34,41,46,52,65,69
31,32,34,41,51,52,55,61,65,66,69
31,32,34,59,61,62,66,69,71
31,32,33,34,37,40,41,43,60,62
32,34,41,51,57,61,62,65,66,69
32,34,41,51,61,62,65,66,68,69
31,34,37,38,41,43,59,62,65,69
31,34,38,41,52,65,69
31,32,34,37,40,41,50,51,59,60,61,62,65,69
30,31,32,34,41,50,51,52,61,65,69
31,32,34,36,37,41,51,59,60,61,62,65,69,153
34,36,48
34,36,165
34,36,166
31,32,34,36,37,40,41,43,51,59,60,61,62,65,69
34,36,172
26,34,36,46,61,69
34,36,47,75
34,36,42,53,69
34,36,37,54,69
34,36,61,69,73
31,34,36,66,75
36,53,69,113,153
30,31,32,34,36,44,59,61,69,71
31,32,34,41,49,51,61,62,65,69
31,36,51,59,60,61,67,153,155,160
30,32,34,36,41,51,57,61,65,69
31,34,36,40,62,63
31,32,34,41,56,59,61,62,65,66,69
31,32,34,36,41,56,59,61,65,69
31,32,34,41,51,61,62,64,65,66,69
30,32,34,36,41,51,61,65,68,69
31,32,34,36,41,58,59,61,65,69
0,17,68
17,34,56,64,66,68
26,34,68,69,124
34,36,68,160
0,14,160
14,17,68,160
14,66,68,160
56,68,124,160
31,36,43,45,51,59,60,61,67,160
14,36,75,160
31,36,42,45,50,59,67,160
14,36,113,160
31,36,45,46,50,59,67,160
31,36,50,51,55,59,60,61,67,155,160
14,49,68,160
30,31,33,36,45,60,160
30,51,57,61,68,160
30,31,51,61,64,68,160
31,36,38,50,59,67,160
31,36,39,45,50,59,67,160
30,31,51,52,61,68,160
31,56,58,61,68,160
31,36,50,59,67,70,160
51,61,65,68,155,160
30,34,36,51,61,68,160
17,22,30,68
0,22,30
22,26,30,34
14,22,30,160
22,30,36,42
30,41,51,66,121
30,34,41,58,121
30,41,66,68,121
30,121,160
30,36,41,121
30,51,66,122
30,66,68,122
30,122,160
30,36,39,122
30,41,52,57,64,68,69,124
29,30,32,68
29,30,31,160
29,30,31,32,36,37
30,31,32,33,34,36,41,43,51,60
30,51,132,151
30,34,151,172
17,30,68,151
14,30,151,160
30,36,151
30,51,100,132
30,34,100,172
30,66,68,100
14,30,100,160
30,36,55,100
28,30,32,68
28,30,31,50,160
28,30,31,32,36,50
30,51,141
30,68,141
30,141,160
30,35,36,141
30,51,60,179
30,34,60,179
30,68,179
30,60,160,179
30,36,60,179
30,51,142
30,68,142
30,142,160
30,35,36,142
30,34,36,75
30,41,51,96
30,34,41,96
30,41,68,96
30,96,160
30,36,41,96
30,51,69,140
30,68,69,140
30,140,160
30,35,36,69,140
30,31,32,36,41,51,59,60,61,65,67,69,153
30,51,52,69,182
30,52,68,69,182
30,160,182
30,36,69,182
30,51,52,69,183
30,52,68,69,183
30,160,183
30,36,69,183
30,51,90
30,34,53,90
30,68,90
30,90,160
30,36,90
30,51,66,133
30,34,66,133
30,66,68,133
30,133,160
30,36,133
30,31,32,33,34,35,36,41,42,50
30,36,69,113
30,31,32,33,34,35,36,41,46,50
30,31,32,34,51,59,61,66,69,71
30,32,34,56,61,68,69,71
30,31,56,59,61,71,160
30,51,131
30,34,131
30,68,131
30,131,160
30,36,131
30,31,49,51,61,68,160
30,32,33,34,41,68
30,31,34,56,61,68,160
31,34,36,56,59,61,160
30,31,33,34,35,36,38,41,50
30,34,130,165
30,68,130
30,130,160
30,36,130
30,51,125,132
30,34,46,125
30,68,125
30,125,160
30,36,46,125
30,31,32,36,50,51,59,60,61,67,155,160
34,45,51,61,68,160
14,23,45,160
24,45,160
45,74,160
45,61,116,160
0,6,10,17,19,22,23,116
1,6,10,19,22,23,66,116,124
6,10,19,22,66,88,89,94,95,96,100,101,106,115,116,117,121
6,10,19,22,66,88,89,94,95,96,100,101,106,115,116,117,122
6,10,17,19,22,23,66,88,89,108,116,124
24,45,47,116
31,32,34,35,36,39,41,42,43,44,45,46,50,59,65,67,69
23,43,45,65,116
22,96,100,116,121,122,130
3,6,17,19,22,111,116
6,10,19,66,88,89,94,95,101,106,115,116,117,154
6,25,27,73,79,80,86,88,89,104,108,116,118
6,8,10,22,26,108,116,124
6,9,27,66,73,79,82,87,92,108,110,116
6,47,54,66,73,75,79,92,116,118
6,26,47,54,73,83,86,116,118,137
6,9,17,19,66,73,111,116,154
34,45,65,66,74
6,45,74,116
6,9,17,19,66,73,79,92,108,110,111,116,124
6,54,74,79,80,83,86,97,99,108,116,118
6,9,27,73,79,82,87,92,108,110,116,118
6,26,47,54,73,83,92,116,118,137
