598 333 1023 1017 638 1572 1069 911 1717 819 1053 1564 1828 1726 713 1139 21 717 271 2031 1771 1471 1263 147 1413 421 98 632 542 885 1693 1820 209 503 1109 501 667 380 278 354 414 1606 873 258 54 1189 1871 795 327 679 684 1301
533 1852 74 1946 1431
587 903
1536 376 313 1986 377 595 715 281
815 226 497 46 882 1687 146 7 1810
614 841 939 986
651 1014 558 793 963 1722 48 2058 1033 1908 1648 413 898
800 616 101
306 566 2080 767 371 124 397 520 665 99 762 1099 575 1835 1728 650 103 2075 859 210 474 274 1642 304 686 183 446 191 1672 31 1496 1798 1225 1163 1505 216 499 62 493
757 723 1983
1766 836 514 227 1071 1072 691 2059 332 1489 1954
1699 411 704 1897 1034
428 1209 1210 374 1866 1643
2033 674 1184 1768 129 481 1135 995 352 1917 816 1780 1305 703 1132 809 1356 701 1307 1659 1568 13 409 689 339 1332 1399 1540
965 1247 415 1821 477 470 1590 572
1600 1102 612 910
768 634 1178 578 1963 1410 797 1122 291
498 1197 1555 1248 1435 242 1791
442 263 1456
292 1626 1696 991 1342
1256 1094 461
298 1832 1646
378 858 260
2004 913 1118 904
671 17 1086
195 1707 1594 196 794 1846 125 471 1931 393 1997 1449
1895 353 1811 1734 884 68 2087
938 1146 886
1924 1664 930
559 342
1057 2071
1559 451
878 593
545 1906
1368 1259 2069
2092 77 2084
1702 1889
946 29
1675 487
253 589
1684 162
1595 218
