1564 414 1726 911 1693 1471 717 819 542 54 503 501 278 1820
1820 1564 414 1726 911 1693 1471 717 819 542 54 503 501 278 873
873 1564 414 1726 911 1693 1471 717 819 542 54 503 501 2031 873
873 1564 414 1726 911 1693 1471 717 819 542 54 1053 1820
1820 333 1693 1471 717 1726 819 278 542 54
54 767 2080 446 1642 31 124 1099
1099 767 2080 446 1642 31 124 566
566 767 2080 446 1642 31 124 62
62 767 2080 446 1642 1163 124 62
62 493 2080 124 446 767 1163
1163 767 2080 446 1642 31 1496
1496 767 2080 103 31 1642
1642 767 2080 446 210 124
124 1810 226 46 882 1687
1687 816 1135 13 1307 409
409 1034 1699 411 704
704 1728 446 767 1163
1163 1564 414 1726 638
638 