2,428,515,761,788,1210
2,128,275,515
2,196,428,761,1209,1210
2,128,515,761,1210
2,831,1027,1625
545,909,1024
2,387,1230
2,428,761,1210,1327
2,128,515,1210,1585
2,1625,2048
2,1027,1625,1869
4,124,211,1282
128,515,961
142,515,1156
224,1003,1929
4,264,1543
128,436,453,1210
442,932,1728
454,708,1281
396,520,596,1514
128,275,664
73,196,761,1038,1209,1210
142,264,275,1099
129,898,1102,1184
128,264,275,1202,1210
195,1258,1275,1792
1144,1281,1350,1488
257,320,1393
374,428,430,714,1427
1089,1498,1920
520,1514,1728
142,264,275,428,1541
275,442,1542,1956
991,1626,1666
520,1642,1653,2052
1026,1249,1662,2048
210,577,762,1728
817,899,1130,1153,1879
4,264,520,1942
1089,1283,2051
4,99,577,2080
96,128,428,714,761,1210
196,428,1130
2,290,428,1210
196,374,428,714,761,1210
142,480,540,683,1148,1210,1258
66,128,430,683,1210
142,480,699,1249
128,264,714,761,1210
128,515,761,788,1210,1866
264,428,714,1210,1881
142,428,540,761,1210,1900
187,428,1210,1958
50,515,712
73,831,1038,2061
117,187,452,1210
133,136,256,311,1568
129,162,387,1027
183,211,520,1225,2080
335,569,1600,2027
413,514,691,1247,1453,1503,1600
502,518,1560,1600
128,643,1115,1618
310,514,691,1033,1247,2059
43,691,743,1153
938,1157,1603
1054,1156,1922
307,851,1229,1543
327,966,1233,1453
128,643,761,1618
128,761,1637
898,1102,1632,1722
968,1159,1789
128,576,1210,1866
645,1271,1543,1882
258,873,1027,1356,1895
128,761,1213,1923
256,405,571,851,1263,1965
256,405,1027,1965,1973
5,228,725
6,1090,1697,1761
8,419,1058,1515,1568
9,743,831,1956
22,395,1249
24,898,1027,1033,1102,1869
27,59,1956,2036
47,132,1253,1603
50,195,712
59,899,1281,2076
62,266,575,1514,1728
110,136,390,1092
129,256,1027,1300,1301,1356
212,832,1543
229,896,1027
7,232,873,1027,1135,1308
238,708,1249,1660
129,130,256,271,1820
298,1253,1527,1793,1804
344,1232,1660
365,627,1154
256,370,385,1300
129,385,481,1664
256,405,514,1247,1965
298,431,1088,1420
183,446,520,779,1653
99,460,1801
467,932,1625,2016
256,490,1664
508,1480,1697
236,561,581,1027,1113
147,545,571,1069,1263
129,385,514,636,1027,1150,1300
516,642,1347
128,217,655,1543
385,758,1478,1664
129,779,1865
179,258,260,486,553,757,795
4,850,1541
126,256,851,1132
545,888,932
636,924,1090,1761
419,932,1893
133,569,966,1332,1515
1004,1504,1632
73,338,1010,1209,1210
195,1021,1345,1554,1702
129,385,514,636,1027,1300,2037
405,514,659,1027,1033
285,1040,1488,1809
593,770,1034,1069
162,387,490,1075
513,1087,1286
129,390,1027,1092,1300,2037
1094,1153,1731
4,1089,1103,2080
1154,1543,1625,1989,2016
642,831,1154,1164,1543
212,234,1172,1543
101,198,1088,1183
1213,1835,2006
256,572,723,1226,1263,1600,2068
1249,1408,2048
1258,1280,1792
258,385,1023,1283,1895
229,387,1367,1419
450,832,1397
129,385,831,1283,1419,1773
310,704,852,1434,1600
129,385,636,831,1027,1478
371,1281,1543,1798
516,1153,1553,1706
90,175,753,1588
129,770,1069,1646
129,387,1027,1653
817,1281,1283,1704
898,1102,1600,1715
1027,1153,1761,1869
1089,1350,1805
899,1345,1924
128,224,1210,1929
16,536,1937
900,1542,1956
51,198,1281,1964
142,453,480,1258,2025
994,1642,2052
129,130,146,390,2061
480,1956,2083
1283,1794,2088
78,257,512
433,516,706
355,514,545,1283,1310,2020
260,592,730,1666
451,868,899,909
451,899,1924
58,258,385,911,1023,1300
78,909,1024
7,390,545,1283,1666
162,545,571,1808
925,1618,1991
196,338,581
196,791,1038,1209,1210
128,480,1115,1210
343,1281,1702,1845,1889
64,1641,1761
66,452,1029
140,1210,1480
128,141,714,1210,1618
2,176,1210
187,643,1958
66,359,430,656,1210
386,441,605,1210,2011
423,442,1456,1956
66,264,452,1210
453,1192,1543
480,831,2025,2083
117,568,788,1210
576,788,1210,1866
112,611,1210
656,1210,1541,1929
224,694,1210,1929,2014
728,1280,1777
212,655,832,1210
1074,1210,1258,2055
224,480,1148,1210
1191,1236,1472
1200,1210,1258,2055
693,1210,1223
1210,1404,1405
66,1454,2080
655,1210,1472,1506
453,1210,1643,2036
128,1010,1202,1210,1744
355,1999,2055
224,686,1929,2014
161,707,2055
195,1153,1792
128,217,708
256,307,1477
317,640,1281
387,581,910,1027,1102
426,1154,1230,1801,1989
78,447,802,1211
541,800,1345
584,642,831,2061
79,258,260,730,732
143,1144,1281,2048
365,1154,1167,1411,1625
193,1246,1316
581,1266,1408
5,642,831,1271
467,831,1130,1288
78,1230,1315,1801
1281,1345,1538,1792
642,1032,1224,1347
899,1313,1404
49,207,1071,1102,1433
2,1230,1630
370,1259,1281,1670
3,1154,1801
1230,1660,1822,2051
3,78,837,1801,1975,2006
426,1035,1625,1761,1989,2006,2016
426,1035,1801,2006
1266,1408,1989,2016
642,831,1283,2036
15,771,1281
200,1488,1625,1761
215,343,541,1345
122,296,1625,2048
645,739,1271
922,1625,1761,1989,2016
928,1625,1989,2006,2016
980,1625,2048
994,1154,1164,1167,1625
645,996,1625,1882
385,514,1002,1027,1034
647,1035,1989
1050,1395,1625
58,258,385,911,1023,1113
516,1089,1125,1393
131,507,1204,1697
33,1231,1543
122,1274,1824,2048
1035,1249,1364,1761
365,1035,1167,1411,1625
642,1281,1543,1709
129,256,271,1132,1820,1973
74,1625,1852
368,1625,2044
707,1249,2048
419,1989,2056
58,179,258,571
24,72,1017,1869
150,385,514,1153
179,260,405,479,514
99,191,1514,1728
99,210,520,577,2080
211,1282,1667
179,214,258,518,1189
232,236,355,1027,1034,1300
258,514,593,941,1283
260,470,481,795,1503
306,650,859,1099
378,536,640,642
392,1153,1785,1869
150,415,518,730
129,390,474,1184
179,258,260,486,553,795,1869
258,388,494,2053
129,130,256,498,503
260,499,1792
581,642,1027,1625
129,256,612,1600,2068
298,640,905,1869
390,514,621,684,730,1300
132,302,690,770
260,608,692
129,732,2048
646,778,1555
855,1862,1869
43,769,859
24,898,1027,1033,1184,1869
136,271,329,545,905,1069,1132
232,581,636,910,1027,1308,1869,2037
795,831,955,1249
963,1408,1856
48,413,963,1014,1033,1247,1856
12,258,593,941,1023,1283
385,831,1153,1283,1879
132,258,1189,1356
256,514,1247,1300,1356
394,1255,1606
179,494,1298,1869,2037
7,232,390,1027,1184,1308
129,340,514,1145,1150,1300,1310
258,1023,1283,1310,1466,1869
514,1503,1793
632,1572,1600,1666
242,1577,1856
129,130,390,1300,1301,1766
129,621,1283,1771,1773,1895
613,1785,2032
1303,1869,2034
405,514,1027,1033,1247,1300,2037
651,1033,1184,2058
2,1869,2079
3,78,255,1732,1801
3,78,837,1740
39,78,1125,2003,2006
40,325,1089,1213,1393,2003
60,78,262,2051
91,454,708,802
105,128,1801,1893
78,106,512
112,611,1089
135,325,1988
52,153,1296
78,155,454,1258
49,78,190
78,257,325,1393,1841
78,262,1149,2051
78,360,692
78,438,454,1213,1841
78,444,802,1211
78,468,2039
78,135,506,951,2003
78,170,512
313,519,1488,1971
546,548,871,1281
321,550,709
255,273,552
78,582,657
78,142,666,1883
78,695,805,928,1557,1801
216,718,1801
78,512,729
78,454,802,1211
78,823,1357,1403
128,714,874,1393
78,512,908
78,874,914,1393,2003
78,926,1284,2003
40,78,935,1393,2003
78,936,1335,1801
325,951,1801,2003
1026,1221,1249,1971
78,1098,1621,1827
78,548,1101,1281
78,454,1181,1258
802,1211,2051
78,1273,2046
78,135,1284,2003
754,1221,1357
78,545,1403,1722
78,802,1211,1575
78,454,1258,1601
78,512,1604
85,433,1488,1619
842,1504,1719
78,914,1774,2003
78,112,1621,1827
78,454,548,1281,1841
73,647,1883
78,1513,1890
78,1213,1892,2006
1731,1995,2090
325,1284,2003
78,928,1801,2006,2028
78,433,909,2046
78,1041,2066
59,283,2016,2025
64,1249,1761,1907
4,99,124,211,396,520
195,759,1281,1709
416,782,1801
99,460,1977
168,1155,1204,1801
59,193,960
105,366,440
500,1204,1888
697,1230,1801,2016
307,838,1075,1801
426,848,1761,1801,2006
1108,1204,1249,1761
3,1182,1801,1975
69,1075,1194
936,1335,1801,2006
1657,1747,1801
20,1801,1891
128,1893,2000
627,1801,1882,2047
1230,1801,2006,2016,2099
440,500,1060
168,1155,1382
4,99,124,264,2080
4,493,1225,2080
4,211,520,534,859,2080
4,514,534
31,99,210,211,499,520,534,575,859,1164,1343,1653
99,304,306,396,499,1343
371,1281,1925
31,211,218,396,520,1835
566,1393,1712
266,520,575
275,577,1728,2080
99,211,306,534,650,859,1163,1213
534,665,1163,1798
686,1089,1541
762,1089,1728,1777
31,99,306,371,767,1255,1653
31,99,210,371,520,859,954,1514,1835
31,99,211,396,762,859,1163,1164,1213,1343
99,704,1165
499,534,1164,1173,1798
261,1042,1319
1343,1536,1792
99,292,1595
31,99,124,210,396,499,520,859,1835
211,216,1163,1282
124,274,312
397,499,1798,2080
124,211,216,1282
465,476,904
210,577,859,1164,1496
211,545,1667
1281,1728,1777
64,407,1155,1641
142,264,1505,1514
31,218,520,534,1653,1835
193,658,1931
499,516,520,1818
51,107,516,1281
79,214,258,260,730,1023
134,390,527,1413
133,227,1153
322,518,1366
353,1475,1856
79,179,260,479,514,1503
258,514,1027,1300,1356
236,514,538,646,1027
179,258,260,732,757,795,1869
98,353,691,781
129,770,816,1069,1659
12,400,684,826,1253
258,704,852
534,1278,1418
256,258,414,1300,1356
405,778,1453,1572,1600
470,1356,1503,1616,1803
534,819,1717
129,232,278,638,1762
133,1294,1568,1880
322,451,1171,1954
58,179,399,400,514,646,2059
405,777,850,859
275,1089,2051,2080
275,565,1541,2080
344,1232,2080
210,499,520,1343,1800,2080
817,925,1087,1481
643,1153,1785
32,771,889
228,725,1242
725,1543,1847,1882
698,1271,2037
195,642,754,1709
820,1271,1543,1625,1709
897,929,1556,1882
1152,1480,1964
1230,1700,2016,2051
1254,1342,1538,2030
11,129,1475
90,753,2016
109,709,912,1488
163,175,753
129,130,236,340,385,1027,1300,1301
129,421,1283,1310,1773
463,904,1092
260,481,621,1027
385,617,1002,1027,1895
258,847,1281
129,340,385,514,1150,1300,1310
256,514,1145,1300,1356
385,790,1283,1369,1476,1773,1895
57,129,1346,1491
236,405,561,847,1002,1027,1725
1161,1930,2036
385,514,1664,2020
925,1153,2056
256,311,884,1132,1665
43,193,1410
152,451,1278,1607
289,593,646,941,1476
256,315,1263,1600,1690,2068
310,383,385,1600
195,398,864,1797
462,1785,1914
18,475,1281
340,635,1184,1281
787,946,1319,1785
157,343,828,1281,1671,1702
919,1380,1785,2008
77,139,986
1237,1377,1634
635,1349,1785,2077
1380,1603,1665
43,193,1691,1785
195,1153,1695,1785
1380,1473,1770,1785
621,705,1001,1846
933,1530,1543,1911
673,1543,1941,1950
51,709,753,1281,1978
51,864,1380,2008
289,410,1785,2064
1196,1562,1671,2077
1153,1785,2086
1173,1343,1785,2097
149,899,1664
131,1090,1697
362,870,1281
321,363,1088
308,362,870,1543
225,834,1013
385,1603,1664,1920
137,645,1832
161,779,1865
254,1543,1682,1920,2042
288,507,1697
507,727,1204,1697
924,1090,1697
14,608,1761
202,241,364
822,1204,1249,1761
924,1076,1382,1761
419,1113,1116,1761
1002,1120,1291,1761
820,1330,1660,1761
343,1281,1488,1792
136,256,490,1253,1517,1690
265,1660,2051
1152,1217,1918
212,655,1543,1761,1974
7,232,545,873,1666,1734
7,46,2054
390,518,1027,1033
7,256,815
7,232,1027,1135,1308,2037
7,514,1453,2020,2061
98,132,1253,1649
65,1666,1734
12,133,258,514
45,240,646,1056
121,646,1248,1856
132,527,770,2054
130,132,146,830
133,158,256,1132,1332
226,256,322,815,2000
58,179,231,258,646,1023
129,236,248,815,1476,1895
49,133,253,1543
280,527,862,1809
132,302,390,1560,1856
256,318,322,1304
355,514,545,621,1283
179,258,400,646,1042
132,387,419,1102
256,497,569,1263,1600,1687
129,527,770,1069,1659
385,531,831,1924
146,421,537,1780
256,569,884,1515,1568,1803
258,593,768,1410
129,179,437,514,609,1356,1503
258,355,514,702
129,271,385,451,717
481,814,966,1071
862,904,1023
864,1281,1797
352,390,875,1856
46,226,355,882,1445,1895
58,133,385,514,930
258,852,1023,1053,1300,1856
133,514,1080,2054
256,768,1145
12,256,1145,1253,1568
256,1145,1304,1410,1568
256,642,1365
385,768,1369
965,966,1057,1413
271,390,1388,1447
256,518,1568,1659,1856
875,1410,1628
133,941,1603,1636
46,1674,2054
256,311,1665,1687
132,1742,2020,2053
46,322,1171,1810
129,132,815,1821
516,1597,2004,2051
271,1294,1568,1803,2018
514,593,768,2054
145,1540,1666
147,232,545,571,1263
209,232,361,1308
310,385,514,636,1027,1033
327,1666,2056
136,329,545,1283,1572
333,390,1560,1600
380,1572,1600,1666
133,332,399,514,1034
266,417,1027
129,451,899,1895,2061
258,385,638,911,1023,1300
329,713,1184,1632
230,256,749,1145
232,333,390,545,819,873,1666
260,858,998
232,399,514,1027,1034
147,232,545,713,1109
256,675,1132,1263,1773,2068
451,1305,1559,1632
136,390,1027,1311
129,232,1027,1334
385,514,621,1283,1773
260,340,385,1023,1780
451,1453,1600,1828
1795,1838,2048
146,310,514,646,1898
17,1027,1917
726,899,1961
13,129,390,481,1184
25,1027,1222
30,133,941,1283
53,704,1476,2000
129,278,385,503,667,1069
256,339,1283,1606
352,390,816,1820
390,415,477,911,1023
390,501,1253,2061
322,518,1742,1856
256,514,572,749,1106
256,671,1056,1294,1568
674,941,1462,1600,1856
390,405,680,1965,2061
641,751,1890
390,1039,1418,1757
179,258,400,486,1042
162,390,571,621,1086
340,385,451,514,1171,1773
129,130,256,385,1300,1301
271,1388,1447,2018
198,451,582,1418
236,390,1027,1300,1301,1429
132,1056,1560,1600,2018
256,851,1283,1606
129,236,256,749,1017,1300,1659
179,310,704,852,1757
390,1027,1786
133,136,390,1560,1813
256,315,770,1856
16,726,1665
42,545,1778
7,54,545,873,1308,1666
273,545,552
367,514,545,1346
12,404,545,1568
145,545,604,1540
405,514,659,1071,1606
130,271,545,790
11,405,609,804,1017
545,864,927,1636
545,969,1132,1379,1535
545,896,975
851,984,1600,1665
514,545,1028
129,385,621,1146,1283,1895
298,673,1088,1160
133,930,964,1277
545,1216,1368
129,136,271,1069,1445,1478
545,1465,1543,1670
514,545,621,1283,1489,1773
545,804,1058,1509
641,751,1283,1535
340,545,1281,1584
521,1281,1614,1741
1281,1603,1682,1920
1796,1804,1906
54,355,545,2031
545,1283,1572,1666,2072
256,271,414,1471,1811,1820
162,598,632,1445
179,514,646,691,778,1503
256,339,689,815
256,335,1001,1515,1632,2087
898,1104,1600,1715
581,1272,1453,1856
132,256,569,815,1253,1437
12,1056,1346,1451,1568
385,514,1457,1664
256,514,1300,1356,1471
1605,1795,1856
481,795,1568,1829
207,1283,1988,2021
256,704,2000
136,256,271,723,1253,1568,1811,2087
49,133,179,514
24,898,1027,1033,1102,1184
298,1120,1793,1984
329,1517,1533,1555
129,130,242,498,1555
207,1002,1102,1850
256,271,332,339,1104,1437,1973
632,906,1283,1666
247,669,1058,1664
162,339,390,806
193,1133,1600
12,1056,1294,1346,1568
1135,1173,1915
256,271,1803,2068
243,898,1033,1184
258,542,621,1189,1300
1184,1186,1552
134,1198,1539
256,646,1304,1332,1515
134,256,271,884,1528
898,1184,1532,1600
64,1184,1641
129,450,1993
145,223,1253,1445,2061
68,136,256,361,1132
340,514,941,1281
421,667,985,1773
227,481,998,1664
898,1097,1124
743,1281,1543,1581,1670
1027,1034,1662,1666,1894
899,1094,2041
179,214,260,470,518
130,256,675,1300,1356
260,701,770,816
233,691,703,1056
256,723,1042
353,534,809,1356,1503
258,514,1128,2054
451,815,1136,1605
1262,1632,2054
256,646,723,1332,1515
419,514,1300,1446,1453
258,1023,1283,1525,1773
129,355,1300,1453,1963
258,514,589,1851
45,98,413,514,1253
349,946,964,1281
355,375,1283,1666
8,256,339,1568,1811
792,1649,1935
11,129,256,1017,1132
390,819,1666,1871
46,531,930,2023,2054
65,118,1312
65,509,1734
65,1107,1312,1734
57,129,1730
233,470,518,1356
1033,1185,1425,2020
1580,1664,2020
258,1153,1283,2053
1281,1543,1664,2070
179,214,258,260,553,1023,1869
405,793,1027,1102
399,419,1197,1478,2018
133,646,1332,1423
132,451,815,1633
1828,1909,2037,2068
409,963,1560,1568,1979
161,516,1281,1553
230,385,939,1146
347,763,1281,1670
298,363,688,1088,1793
742,1605,1766
129,1675,2061
162,355,387,1178
17,593,1661,1959
68,242,339,1102
207,521,899,1879
256,473,770,1659
129,256,503,1017,1253,1300
385,667,1408
136,808,1161,1560,1568
136,339,884,942,1379,1445
302,1058,1478,1788
256,318,864,1124
11,655,1179,2004
385,942,1379,1478
331,1057,1521
1478,1920,2038
133,136,514,545
256,258,414,1300,1820
370,464,1133
226,256,555,612,2068
896,1020,1088
130,133,830,1072,1132
370,417,1180,2061
896,1216,1259
513,1281,1792
330,399,419,930
543,864,1058,1568
419,581,836,1662
514,1071,1665
518,1410,1567,1568
419,938,1130,2065
98,120,514,646,691,778
213,1172,1539
230,614,939
999,1283,1345
129,340,385,514,1046,1145,1300
311,966,1143,1665
503,1222,1455
280,1102,1690,1903
749,1431,1946
132,256,815,1056
256,525,1632
327,636,1033,1726
49,1171,1983,2071
481,1057,2071
129,179,258,437,911,1300,1356
1119,1178,1664
256,1540,1690
451,514,1034,1769
21,1568,1993
256,660,898
414,797,1451,1606
632,723,1332,1591,1600
514,691,1471,1593,1600
136,256,1226,1515,1663
48,1856,1859
104,864,1281,1568
202,1248,1568,1856
247,1281,1543,1664
12,331,1568,1636
351,1198,1453,1568,1856
256,409,481,851,1300,1659
133,425,864,1568
51,864,971,1568
1161,1856,1930
12,1088,1339,1568
133,830,884,1559,1568,1632
1473,1568,1646,1743
1058,1568,1788,1856
1380,1568,1743,1825
203,884,1568,1921
531,930,1856,1959,2018
101,247,1161,1568,2027
256,350,851,1600,1690
456,1058,1478,1811
495,1057,1811,2033
353,617,1475,1811,1895
133,311,906,1768
1104,1508,1815
225,451,582
726,1161,1283
1079,1256,1490
459,743,1159,1543
417,743,1316,1895
897,1408,1556
743,1603,1781
76,726,1092,1706,1956
185,1775,1956
263,420,1234,1956
312,1445,1895,1956
458,1368,1937
663,1543,1706,1956
726,807,1092,1706,1956
900,1092,1706,1956
959,1393,1956
1082,1445,1956,2088
1139,1563,1956
266,420,1234
442,1246,1456,1956
1004,1504,1706,1719,1956
1153,1346,1706
1290,1902,1956
726,1092,1706,1934,1956
128,1956,1981
10,459,1196,1986
706,1196,1281,1287
51,1258,1281,1530,1792
1530,1562,1856
1267,1536,1986
127,1281,1543,1664
198,1281,1670,1794
303,933,1258,1281
459,800,1196,1281,1543
208,706,1760
459,616,800,877,1543
198,846,1183,1196
490,917,1072,1179,2038
198,410,1052,1196
1146,1544,2033
193,592,1772
198,334,1281,1809
34,1498,1920
266,913,1520
1342,1498,1680
56,1067,1488,1792
107,235,1536
673,760,800,1543
864,933,1120
1120,1267,1986
298,1530,1592,2029
195,317,1281,1792
1158,1793,2085
343,772,1562,1671
865,890,1174,1562
709,835,890,1671
800,1214,1281,1543
1295,1372,1875
328,642,1389
202,640,1428
450,489,1671,1792
481,1198,1688,1832
676,1264,1783
51,343,1281,1968
26,1642,2041
127,343,1281,1488,1986
1299,1488,1986,2053
107,1536,1986
688,1922,2029
11,129,1146,1684
240,258,1348,1410
609,778,861,1600
1088,1160,1793,1804
514,593,646,941,1346,1476
12,240,593,941,1348
12,797,1307,1776
405,1222,1606,1838
1056,1552,1665
25,655,1308,1647
129,144,322,816,1503
129,130,385,1065,1300,1301
129,385,1603,1782
145,150,286,1567,1762
339,1124,1337,1478
68,130,242,1132
385,682,1300,2018
145,150,1540,1646
242,819,1799
405,742,745,2061
405,853,1349
229,987,1027,1478
451,1132,1136,1478,1590
159,795,1248,2018
227,310,354,1491,1954
674,963,1648,1856
514,691,1131,1563
242,804,1102,1435
193,256,1752
132,527,770,1560,1856
256,271,1511,1568,1856,2018
455,769,859,1213
210,520,859,1724
982,1305,1616,1632
16,1380,1665
126,329,851,1132,1590
301,631,753
298,1253,1804,1823,1826
885,1136,1808
348,514,862,1300
472,569,966,1179,1600,1690,1973
258,414,589,646,1023
590,1189,1476,1813
801,1145,1379,1451
787,1295,1390
258,1189,1863
617,1080,1578
179,227,399,1833,2059
571,1069,1652,1684
609,749,780,1380
1319,1469,1760
516,642,1281,1543
512,1281,1679
1192,1563,2021
198,298,308,1120,1804
432,1088,1937
343,587,731
127,1126,1664
976,1543,1597,1887
133,1730,1926
133,1793,1804
612,1564,1600,2087
227,527,1248,1856,2018
192,261,1281,1479
417,1091,1748
130,240,620
179,470,527,1023,1753,2018
258,421,722,1283
258,593,852,878
400,403,1568,1825
58,258,400,1385
145,162,682,1678
128,487,593
143,753,817,1281,1283
578,593,768,1145,1369
593,768,1122,1145,1410
863,1258,1281,1741
593,899,1872
125,393,1503,1522
177,343,828,1281,1671
290,558,1185
863,1190,1831
1440,1597,1859
258,730,1997
1307,1616,1776
385,1283,1290,1478
139,161,930
329,490,906,1600,2068
946,1281,1346,1369
258,514,1283,1452
195,1522,1832,1931
896,1170,1539
17,330,1198,1661
198,544,1281,1589
1394,1600,1606,1687,2087
414,941,1056,1318,1600
101,1056,1519,2070
101,964,1088
633,1088,1793
881,1088,1941
521,1088,1160,1444
179,1088,1483
1088,1537,1793
252,339,1145,1379,1478
254,1793,1920
266,453,1728
388,1091,1156,1281
298,915,1120,1804,1906
388,1011,1664
1091,1156,1281,1670
1054,1063,1138,1875
129,1146,1899
241,364,2010
470,504,1253,1346
256,572,1516,1600,2068
198,298,1281,1527,1682
410,1346,1476,1825
716,1346,1563
51,752,1346
514,1346,1558,1769
1216,1259,1368,1489
1628,1816,2094
250,1281,1701
288,507,580,871,925
292,1258,1281,1595
257,325,1089,1393
562,654,706
580,871,1281
1036,1152,1280
1061,1144,1364,1914
1121,1281,1709
195,907,1345,1554
296,1426,1721
292,1342,1709,1754
256,473,1437,1607,1690
328,770,899,1646
517,1579,1597,1911
844,1058,1937
743,1114,1543,1773,1895
60,1087,1547,2051
481,785,1027
198,709,1473,1488
461,899,2041
608,707,1274,2048
450,489,1281,1702
608,707,1144,1274
115,642,1032,1144,1864
642,1032,1347,1824
642,1256,1824
171,642,754
848,1205,1457
195,449,1702,1707
23,51,107,1258
32,889,1258,1486
63,85,1206,1488
85,225,1380
94,1258,1656,1905
100,1258,1792
114,709,835,1889
268,317,321,402
297,1337,1832
357,1173,2009
408,1258,1792
560,1258,1281,1635
194,647,1883
292,687,1258,1595
710,1258,1340
737,1258,1792
114,753,835,1488
876,1221,1249,1258
439,704,921,1382
51,59,1062,1258
198,1067,1281,1488,1792
876,1068,1221,1258
1123,1221,1249
1173,1213,1244,1258,1905
728,940,1280
1087,1258,1286,1554
32,464,1486
128,1029,1905
436,921,1258,1992
1419,1426,1721
514,1749,1792
321,402,1554
471,1536,1554
489,1281,1345,1792
696,1670,1889
317,907,1281,1554
889,1449,1488
449,709,1702,1889
143,157,317,1281,1543
321,449,709,1702
450,547,1993
321,709,835
449,1639,1702,1889
122,143,1281,2048
237,1213,1905,1964
416,1008,1089
15,771,889,1258
616,1243,1993
544,1016,1383
37,1249,1662,2048
122,492,1289
122,1281,1660,1723
201,388,2085
33,388,457
143,943,2048
691,1832,2009
299,673,1458,1543
266,368,2044
198,521,1281,1553,1682
266,662,1369
1170,1443,1573
266,1998,2042
416,677,1089,1393
416,1008,1123
454,708,1100
20,1281,1891
184,1281,1792
334,1281,1416
372,1281,1543,2042
265,391,920
424,1281,1488,1543,1879
513,817,1087,1281
525,946,1281,1632
508,544,817,1281
644,1281,1792
550,649,731,1281
548,887,999,1281
22,225,395,903
758,904,1281,1369
548,812,912,1281
36,525,949,1281
292,635,1281,1402
1281,1342,1538,1669
65,1613,1670
1281,1635,1989
1281,1709,1794,2088
1061,1144,1281,1914
1281,1397,2007
207,521,899,2076
156,544,1383
647,1016,1896
529,962,1556
1249,1408,1543,2016
704,1556,1854
847,1387,1662,1670
198,1381,1450,1478
1662,1802,2048
645,739,1882,2036
455,1050,1395
88,1805,1938
961,1073,1879
1372,1879,1947
180,1100,1993
28,480,2025
59,1817,2000,2016
95,966,1104,1478
121,305,1559,1632
49,133,162,1007
691,700,882,1445
1137,1171,1186
111,206,435,776,855,1862
172,198,780
195,393,1380,1832
107,685,1247
198,1295,1372
1567,1608,2022
49,87,1057,1632,2071
346,1796,1865
1177,1632,2019
1006,1219,1665
864,1170,1443
439,704,1507
203,704,1034
137,1054,1832,2068
298,678,1509,1793
256,679,851,2068
976,1582,2068
329,1233,1908,2068
1416,1920,2039
198,451,868,2069
18,298,675,905
401,1120,1267,1826
18,298,308,363,1302
688,933,1120,1424
173,298,688,1120,1420
298,431,629,1581,1804
308,673,1120,1543,1804
298,673,825,1543,1804
198,1078,1120,1488
1055,1177,1816
298,1067,1331,1597
298,585,1354
285,298,1545,1809
298,976,1582,1597
298,1543,1597,1784
298,906,1120,1804,1826
398,1508,1543,1830,2042
298,1573,1597,1919
298,1120,1793,1804,1994
298,1793,2078
308,362,574,870
675,1515,1593,1736
616,877,1488,1543,2001
394,1440,1458,1532
812,1376,1728
1537,1793,1804,2091
378,535,1465,1543
75,1664,1856
80,192,225,1479
170,225,512
51,225,395
899,1249,1362,1924
198,265,582,1479
455,769,1125
59,979,1281
59,1191,1236,1543
343,817,1281,1358
59,1464,1737
80,192,261,1479,1501
225,395,582
80,192,931
706,1296,1825
80,279,349,1599
80,1495,1877
170,854,1893
170,1112,1924
36,747,1377
949,1138,1353
198,249,521,1745
752,1026,1971
279,349,716
77,594,986
77,594,1724
123,128,655
337,343,738,2088
213,1573,1831
655,1342,2095
119,551,1488
203,704,1921
587,616,798
108,546,1249
178,1249,1408
206,1249,1862
482,637,1249
813,1249,1408,2016
981,1249,1408
1249,1575,1622
241,991,1758
48,730,1249,1859
203,582,1249,2067
212,1362,1490
71,212,891
234,822,1172
343,491,1488,1968
709,719,1488,1792
810,1092,1543,1879
856,1281,1543
449,877,1026
440,842,1060
672,1158,2085
1193,1281,1543
136,490,1058,1373
63,890,1174,1396
467,881,1534
343,715,1488,1868
704,1897,1912
881,1543,1597,1941
999,1414,1589
41,84,107
113,1130,1401,1682
107,235,377
107,177,376,1671
107,157,711,1671
145,150,311,1658
329,1213,1220
329,1102,1437,1690,1790
136,361,498,1517,1791
162,1597,1873,2017
111,206,435,603,776,1862
111,435,1677,1759,1862
1185,1425,1616
369,899,1969
137,490,1910,2068
162,387,1188,1381
765,1381,1478
310,439,704,1699,2000
405,609,852,1765
385,1015,1113
162,412,1467
295,377,1093
212,602,832
546,606,627,871,925
212,978,1212
1041,1488,2066
212,1041,1147,1488
708,1044,1623,1634
212,772,1858
94,476,1656,1708,1905
1731,1995,2093
26,1094,1642,1746
164,1021,1918,1966
767,977,1595,1642
1432,1642,2024
307,1474,1477
446,520,1611,1642
1177,1642,1816
29,946,1281
532,964,1856
116,411,924
896,1020,1539
487,751,1283,1292
751,792,1490
219,1051,1130
336,583,1130
511,1130,1213,1964
207,355,938,1157
1130,1524,1889
1130,1213,1546,1905
195,1130,1153,1566
516,1130,1281,1587
267,339,538,1283
352,390,1283,1834
693,961,1581
723,958,1076
521,1614,1842
161,1081,1964
99,210,539,1164,1835
181,205,259,277,1118,1925
1137,1431,1946
396,499,596,1166
549,658,2077
628,658,968
658,1372,1949
103,859,1163,1496
1213,1492,1835
1213,1543,1583,1670
760,1543,1696,2042
1213,1814,1835
1213,1835,1955
450,1627,1671,1889
1164,1343,1777,2075
32,1474,1477
708,997,1289
434,934,1617,1905
66,1029,1258,1905
128,1140,1905
1035,1258,1265,1905
1384,1397,1905
128,1654,1905
1656,1690,1905
33,496,845,1779
33,282,496
33,496,750,1779
35,972,1700
44,1138,1152,1918
485,1303,1638
623,962,972
623,972,1138,1239
485,708,1240
485,972,1240,1495,1638
36,525,747
343,706,1760
747,1217,1377
142,269,515
799,1395,1883
1463,1660,1817,2016
177,622,1660
708,860,1100,1660
180,708,1100
1187,1404,1660
708,1100,1309,1660
1194,1660,1755
307,1488,1972
38,383,1600
78,506,1393,1551
174,320,1393
41,84,1064
43,193,615
193,1075,1084,1597
172,198,1549
193,1387,1662,1727
526,986,1627
181,205,259,1013,1118,1925
345,1013,1862
834,1013,1867
259,657,1118
842,1060,1155
439,842,1155,1382
294,1154,1167
829,951,1463
1164,1254,1777,2016
385,705,1153,1491
44,319,1040
1138,1239,1353
44,1152,1480
1240,1303,2034
993,1408,1495
56,668,1138,1655
765,921,1381
258,514,1494
514,913,1520
121,1055,1177
280,530,2081
1057,1248,2033
322,847,1366,2088
322,1694,1969
291,531,578,1145
233,400,590,1399
133,569,886,1880
398,864,1508,1830
120,593,634,753,1369
1441,1478,2077
133,162,314,1880
57,132,952,1560
1568,1693,1979
311,1608,2022
556,635,1806
89,152,723
163,175,1150,1588
849,1337,1488
794,1192,1563
794,1192,1488
195,465,476
195,559,1264
208,433,706,1018,1287
720,890,1586
450,489,547,1488
337,738,877,1174
157,268,317,827
157,281,950
640,1174,1536
1731,1914,2093
208,706,1018,1287,1296
491,586,607
108,546,627,871,925
321,402,449
587,731,798
337,343,715,1488,2088
82,1281,1527
1091,1151,1527
128,508,567
764,1671,1792
224,1003,1818
581,1944,1968
863,1705,1832,2008
52,153,1741
97,1281,1741
411,704,736,1034,1699
941,1176,1476,1825
55,1155,1382
382,1155,1382
56,254,478,1597
56,668,1354,1597
300,800,1655
668,1375,1696
285,933,1120,1826
198,925,1488,1712
301,431,631
735,1597,2051
1114,1573,1594
1171,1686,1832
298,1793,1832,1948
1438,1594,1597,1952
57,129,1351
151,385,1664
79,385,514,1022
989,1054,1508
453,1049,2084
1063,1875,1928
1006,1261,1832
426,848,1761,1885
1054,1333,1922
186,830,1161,1437,1528
133,1019,1730
425,995,1959,2018
162,620,1363,2068
1150,1217,1377
348,514,1374,1457
514,1461,1851
81,1507,2099
118,388,1293
899,920,1111
451,899,1323
182,1464,1737
1406,1848,2016
69,619,1087,1404
513,756,1087
513,824,1087
313,950,2051
1347,1355,1634
61,1006,1533
503,1006,1219
243,1006,1795,1838
63,676,1783
188,343,738
281,877,950,1397
640,1174,1270
65,118,1293
65,746,1107,1312
746,763,839,1107,1312
69,168,1194,1801
721,1153,1634
708,1289,1313,1404
848,889,1289,1853
70,670,789,895,1005,1025,1574
71,212,1324
647,948,1883
647,1874,1883
74,1299,1852
74,533,1431
744,1664,1920
358,594,1885
484,1995,2090
706,1287,1296,2060
192,786,1479
81,921,1507,1990
604,1507,1996
83,1342,1386,1459
1342,1538,1923
83,1342,1386,1976
443,877,1342
601,1254,1342,1976
238,661,1148,1625
292,991,1342,1626
529,1342,1497
932,1154,1625,1629
601,1342,1386,1976
1254,1342,1976,2005
86,1418,1679,2004
177,595,1397
341,454,708
454,708,1228
92,639
128,961,1073
128,1352,1615
128,961,1957
284,1281,1670
1245,1499,1670
778,1136,1215,1605
200,1319,1640
466,490,1267,1535
102,1199,1939
733,1920,2042
1083,1134,2042
1438,1952,2042
108,288,580,871,925
189,516,1281
563,642,1032,1347
1362,1490,1493
606,627,871,925,2047
925,1207,1860
961,1092,1570
111,270,855,1862
111,206,435,1677,1759
324,832,1397
343,877,1488,1531
459,649,877,1703
1032,1037,1224,1347
642,1032,1144,1224
411,573,957
296,1245,1499
1008,1123,1221
303,1221,1258,1720
628,968,1155
1159,1624,1789
1159,1789,1855
1159,1789,1980
1079,1256,1824
893,1626,1666
967,1439,1626
1626,1666,2043
1049,1804,2084
346,1437,1796,1906
164,1115,1918
773,1322,1352
604,773,1352
162,326,1597,1873
154,451,1040
130,916,1072
1072,1685,1797
256,488,490
244,1999,2039
1672,1728,1777
411,570,1034,1699
147,545,1683
148,204,843
204,843,1524
148,734,843
148,843,1951
166,1987
997,1289,1408
1408,1787,2096
303,840,1281
186,303,1070
174,320,1692
377,469,1093
342,559,1264
529,1497,1792
1281,1596,1792
1281,1792,1839
1381,1422,1450
1381,1450,2040
510,868,2069
1009,1259,1670,2069
234,406,1172
784,1620,1623
1441,1573,1831
220,1920,2039
431,1407,1682,2039
334,1416,2039
1508,1565,1830,2039
420,1838,1844
673,906,1120,1430
251,1508,1936
1329,1485,1581
420,1576,1956
391,920,1111
299,841,976
368,940,1280
418,1398,1840,2062
625,848,1888
813,848,1085
933,967,1439
292,342,559
293,1749,1792
300,953,1354,1375
784,982,1620
316,1484
1195,1238,1389
1295,2084,2092
356,1217,1377
1217,1377,1857
1035,1689,1989
940,1036,1280,1711
417,1012,1316
710,821,1052
416,782,1279
416,782,1710
427,1819
721,1470,1992
500,625,1888
993,1495,1751
586,607,2100
1281,1584,1718
523,1836
681,812,1376
812,1376,2057
557,1360,1500
579,1733
618,1650,2045
624,1325,1502,1933
652,869
820,1543,2035
990,1470,1992
1347,1518,1634
1195,1238,1962
741,818
773,1030,1322,1442
813,1861,2016
887,1281,2015
897,929,1644
993,1751,1807
1047,1276
1110,1321
1235,1421,1904
1295,1875,2013
1336,1676
1371,1982
1378,1764
1406,1729,1848
1295,2013
929,1644
887,2015
813,1861
773,1030,1352
1518,1634
990,1470
820,2035
624,1502,1933
557,1500
812,2057
1584,1718
721,1153,1470
721,990,1470
721,1153,1404
721,1153,1237,1785
721,1153,1761,1918
721,1237,1634
1230,1347,1634,2051
1237,1634,2051
721,1634,1918,2051
1237,1377,1543
1237,1543,1634
721,1237,1543
317,640,1237
317,1237,1634
317,721,1237
1224,1347,1634
1237,1347,1634
721,1347,1634
721,1404,1634
721,1237,1404
1237,1377,1785
1237,1634,1785
721,1237,1918
1237,1623,1634
721,1623,1634,1918
721,1237,1377
1044,1237,1634
721,1044,1634,1918
721,1470,1634
721,1237,1470
1237,1355,1634
721,1355,1634
1237,1518,1634
721,1518,1634
1518,1634,2051
1518,1623,1634
1044,1518,1634
1355,1518,1634
1355,1634,2051
1355,1623,1634
1044,1355,1634
1044,1634,1660,2051
1044,1347,1634
238,708,1044,1660
708,1044,1623,1918
454,708,1044
708,1044,1660
708,1044,1918
708,1044,1634
15,454,708,1879
454,708,1653
454,708,1289
454,708,1240
454,708,860
454,708,1309
547,708,1488,1879
454,708,1313
708,1313,1404
2,1230,1404
1230,1313,1404
708,1313,1879
238,708,1313
513,1087,1404
1087,1313,1404
1213,1404,1835
1213,1313,1404
708,1313,1653
451,899,1404
1313,1404,1405
217,708,1313
258,730,1404
730,1313,1404
91,708,1313
32,889,1404
889,1313,1404
122,454,708,1660
708,1313,1660
1050,1395,1404
1313,1395,1404
454,708,1623
708,1313,1623
708,1044,1313
1187,1313,1404
708,1309,1313
547,708,1313
128,567,1213,1404
567,1313,1404
69,168,1404
69,1313,1404
721,1313,1404
1313,1404,1853
341,708,1313
708,1228,1313
708,1228,1240
708,860,1228
708,1100,1228
708,1100,1879
708,1100,1653
217,708,1100,1660
91,708,1100
708,1100,1623
708,1100,1289
708,1044,1100,1660
547,708,1100
708,1100,1313
341,708,1100
341,708,1879
341,708,1653
217,341,708
91,341,708
341,708,1623
341,708,1289
341,708,1240
341,708,860
341,708,1044
341,708,1309
341,547,708
341,708,1228
708,1228,1879
238,341,708
238,708,1228
708,1228,1653
217,708,1228
91,708,1228
341,708,1660
708,1228,1660
708,1228,1623
708,1228,1289
708,1044,1228
708,1228,1309
547,708,1228
217,547,708
91,547,708
547,708,1660
547,871,1281,1488
157,547,1281,1488
547,708,1289
547,708,1240
547,708,860
547,708,1044
708,1044,1879
708,1044,1653
217,708,1044,1660
91,708,1044
708,1044,1289
708,1044,1309,1660
708,1309,1879
238,708,1309,1660
708,1309,1653
217,708,1309,1660
91,708,1309
708,1309,1623
708,1289,1309
708,1240,1309
708,860,1309,1660
547,708,1309
454,547,708,871
238,547,708
547,708,1653
547,708,1623
708,1623,1879
238,708,1623
708,1623,1653
217,708,1623
91,708,1623
708,1623,1660
708,1289,1623
708,1240,1495,1623
708,860,1623
708,860,1879
238,708,860,1660
708,860,1653
217,708,860,1660
91,708,860
708,860,1289
708,860,1044,1660
708,860,1313
708,1240,1313
708,1240,1879
238,708,1240
708,1240,1653
217,708,1240
91,708,1240
708,1240,1660
708,1240,1289
708,860,1240
708,1044,1240
708,1100,1240
35,972,1240
44,1152,1240
708,1240,1303
1240,1303,1918
485,1240,1303
485,1303,2034
485,1303,1918
1275,1749,1792,1918
1152,1918,2051
183,520,1918
721,743,1153,1918
256,370,1918
128,655,1918
195,1021,1702,1918
1152,1918,2088
1191,1472,1918
1454,1918,2080
215,1345,1702,1918
1303,1918,2034
355,514,1749,1918
458,1368,1918
198,1281,1702,1918
1623,1634,1918,2051
198,1583,1670,1918
485,972,1240,1303
44,485,1152
44,485,1240,1303
623,962,1918
198,1138,1353,1918
1152,1480,1918
485,1240,1303,1495
794,1192,1918
1217,1377,1918
1761,1848,1918,2016
1386,1918,1976
1275,1386,1918
1386,1918,2051
183,1386,1918
743,1386,1918
370,1386,1918
655,1386,1918
1021,1386,1918
1386,1761,1918
1386,1918,2088
1191,1386,1918
1386,1454,1918
215,1386,1918
355,1386,1918
458,1386,1918
198,1386,1918
1386,1702,1918
1386,1749,1918
1386,1623,1918
1386,1583,1918
623,1386,1918
1044,1386,1918
1138,1386,1918
1152,1386,1918
1303,1386,1918
794,1386,1918
1217,1386,1918
1386,1848,1918
721,1386,1918
164,1386,1918
164,1275,1918
164,1918,2051
164,183,1918
164,743,1918
164,370,1918
164,655,1918
164,1761,1918
164,1918,2088
164,1191,1918
164,1454,1918
164,215,1918
164,355,1918
164,458,1918
164,198,1918
164,1702,1918
164,1749,1918
164,1623,1918
164,1115,1966
164,1583,1918
164,623,1918
164,1044,1918
164,1138,1918
164,1152,1918
164,1303,1918
164,794,1918
164,1217,1918
164,1848,1918
164,721,1918
83,1386,1918
1342,1386,1538
1342,1386,1918
1342,1538,1626
1342,1386,1626
1342,1386,1923
1266,1342,1408
1266,1342,1386
996,1266,1342,1625
996,1342,1386
1342,1538,1669,2030
1342,1386,2030
1342,1538,1680
292,1281,1342,1538
292,1342,1386
1342,1538,1754
1342,1386,1754
1342,1386,1669
1342,1538,2095
1342,1386,2095
1254,1342,2016
1254,1342,1386,1976
1342,1459,1538
443,1342,1386
661,1148,1342
661,1342,1386
991,1342,1386
1342,1497,1538
1342,1538,1629
1342,1386,1629
1342,1538,2005
1342,1386,2005
1342,1626,2005
1342,1923,2005
1266,1342,2005
996,1342,2005
1254,1342,2005,2030
1342,1680,2005
292,1342,2005
1342,1754,2005
1342,1459,2005
443,1342,2005
601,1342,2005
1342,1497,2005
1342,1497,1626
1342,1497,1923
1266,1342,1497
996,1342,1497
1342,1497,2030
292,1342,1497
1342,1497,1754
1342,1497,1669
1342,1497,2095
83,1342,2005
83,1342,1497
1342,1386,1497
1342,1459,1497
443,1342,1497
601,1342,1497
661,1342,1497
991,1342,1497
1342,1497,1629
1342,1538,1976
1342,1626,1629
1342,1629,1923
419,932,1629
1154,1629,1989
1266,1342,1629
996,1342,1629
1342,1629,2030
1342,1629,1680
292,1342,1629
1342,1629,1754
1254,1342,1629
1254,1342,1497
83,1342,1629
1342,1459,1629
443,1342,1629
601,1342,1629
1342,1629,1976
1342,1626,1976
1342,1923,1976
1266,1342,1976
996,1342,1976
1254,1342,1976,2030
1342,1680,1976
292,1342,1976
1342,1754,1976
1342,1669,1976
1342,1976,2095
1342,1459,1976
443,1342,1976
661,1342,1976
991,1342,1976
1342,1497,1976
1342,1497,1680
1498,1680,1920
1342,1626,1680
1342,1680,1923
1266,1342,1680
996,1342,1680
1342,1680,2030
292,1342,1680
1342,1680,1754
1342,1669,1680
1342,1680,2095
1254,1342,1680
83,1342,1680
1342,1386,1680
1342,1459,1680
443,1342,1680
601,1342,1680
661,1342,1680
991,1342,1680
991,1342,1923
991,1266,1342
991,996,1342
991,1342,2030
991,1342,1754
991,1342,1538
991,1342,1669
991,1342,2095
991,1254,1342
83,991,1342
991,1342,1459
443,991,1342
601,991,1342
661,991,1342
991,1342,1629
991,1342,2005
1342,1669,2005
1342,2005,2095
661,1342,2005
1342,1629,2005
661,1342,1626
661,1342,1923
238,661,1249
661,1266,1342
661,996,1342
661,1342,2030
292,661,1342
661,1342,1754
661,1342,1538
83,661,1342
661,1342,1459
443,661,1342
601,661,1342
601,1342,1626
601,1342,1923
601,1266,1342
601,996,1342
601,1342,2030
292,601,1342
601,1342,1754
601,1342,1538
601,1342,1669
601,1342,2095
661,1254,1342
83,601,1342
601,1342,1459
443,601,1342
443,1342,1626
443,1266,1342
443,1342,1754
443,1342,1538
83,443,1342
83,1342,1923
83,996,1342
83,1342,2030
83,292,1342
83,1342,1669
83,1342,2095
83,1254,1342
1254,1342,1626
1254,1342,1923
1154,1167,1254
1254,1266,1342
996,1254,1342
292,1254,1342
1254,1342,1754
1254,1342,1669
1254,1342,2095
443,1254,1342
443,1342,1923
443,996,1342
292,443,1342
443,1342,1669
443,1342,2095
443,1342,1459
1254,1342,1459
1342,1459,1923
996,1342,1459
292,1342,1459
1342,1459,1669
1342,1459,2095
1342,1626,2095
1342,1923,2095
1266,1342,2095
996,1342,2095
1342,2030,2095
1342,1459,2030
292,1342,2095
1342,1754,2095
1342,1669,2095
661,1342,2095
1342,1629,2095
1342,1629,1669
661,1342,1629
1342,1626,1669
1342,1669,1923
1266,1342,1669
996,1342,1669
1281,1669,1792
292,1281,1342,1669
1342,1669,1754
1342,1626,1754
1342,1754,1923
1266,1342,1754
996,1342,1754
1342,1754,2030
83,1342,1754
1342,1459,1754
1342,1459,1626
1266,1342,1459
1266,1342,1626
1266,1342,1543,1923
1266,1342,2030
292,1266,1342
1266,1342,1538
2,1230,1266,1625
317,1266,1408,1625
454,1266,1281,1543
317,1266,1408,1543
1266,1408,1801
1266,1408,2006,2016
581,642,1266,1543
283,1266,1408,2016
1266,1408,2093
83,1266,1342
83,1342,1626
83,1342,1538
996,1342,1538
996,1342,1626
996,1342,1923
996,1027,1625,1761
1342,1345,1538
292,996,1342
292,635,1281,1709
292,1342,1595
292,1342,2030
292,635,1342
292,1281,1671,1792
292,1342,1671
292,343,731,1281
292,731,1342
292,687,1258,1281
292,687,1342
292,471,1281
292,471,1342
292,343,1281,1889
292,1342,1889
292,1281,1402,1709
292,1342,1402
292,342,1281
292,342,1342
292,342,1709
292,342,1595
292,342,635
292,342,1671
292,342,731
292,342,687
292,342,471
292,342,1889
292,342,1402
292,1258,1281,1626
292,1402,1626
292,342,1626
292,1402,1595
292,1402,1671
292,731,1402
292,687,1402
292,471,1402
292,471,1626
292,471,1554,1709
292,471,1595
292,471,635
292,471,1671
292,471,731
292,471,687
710,1258,1281,1402
292,471,1554,1889
292,1626,1889
292,1554,1709,1889
292,1595,1627,1889
292,635,1627,1889
292,1281,1845,1889
157,343,1281,1702,1889
292,343,731,1889
292,687,709,1889
321,449,709,1889
292,1402,1889
157,449,877,1627,1889
877,1397,1889
157,877,1543,1889
696,877,1845,1889
200,877,1889
550,709,877,1889
877,1026,1889
114,696,877,1488,1889
877,1889,2053
459,877,1889
157,877,1671,1889
343,877,1488,1889
125,696,877,1889
292,687,877,1889
696,877,1488,1554,1889
114,157,449,877,1702,1889
114,157,696,877,1702,1889
268,877,1889
709,877,1488,1889
877,1639,1889
616,877,1889
337,877,1889
877,1524,1889
549,877,1627,1889
877,1586,1889
157,877,950,1889
157,696,877,1174,1889
443,877,1889
343,877,1531,1889
877,1703,1889
449,877,1397
877,1397,1703
157,449,877,1543
877,1543,1703
200,877,1488,2053
200,877,1703
321,449,550,877
550,877,1703
877,1026,1703
449,877,1488
877,1488,1703
449,877,2053
877,1703,2053
1671,1792,1889
125,393,709,1889
1345,1554,1702,1889
268,321,449,877
268,877,1703
268,687,877,1258
687,877,1703
616,877,1703
649,1281,1703
337,877,1703
549,658,877
549,877,1703
449,877,1586
877,1586,1703
157,449,877,950
877,950,1703
157,449,877,1174
877,1174,1703
443,877,1703
449,877,1531
877,1531,1703
877,1397,1531
877,1531,1543
550,877,1531
877,1531,2053
459,877,1531
343,1281,1531
114,877,1703
268,877,1531
687,877,1531
696,877,1543,1670
696,877,1703
157,459,877,1281,1543
157,877,1703
157,877,1531
449,877,1703
549,877,1531
877,1627,1703
877,950,1531
877,1174,1531
877,1174,1397
157,877,1174,1543
200,877,1174,1488
298,640,1174
550,709,877,1174
877,1026,1174
109,696,912,1174,1488
109,459,877,1174,1488
640,1174,2077
268,877,1174,2077
877,1174,1488,2053
709,753,890,1174,1978,2077
157,753,1174,1281,1488
63,1174,1206,1488
63,114,877,1174
114,835,877,1174
268,827,877,1174
709,753,835,1174,1488
321,709,1174
687,709,877,1174,1488
616,877,1174,1488
549,877,1174,2077
157,877,1174,1627
877,890,1174,1586
337,738,1174,1488
268,827,1174,2077
157,877,950,1174
443,877,1174
443,877,1397
443,877,1543
443,550,877
443,877,2053
443,459,877
268,443,877
443,549,877
443,877,950
443,877,1531
200,877,1531
877,1026,1531
114,877,1531
443,687,877
696,877,1531
157,443,877
616,877,1531
337,877,1531
877,1531,1627
877,1531,1586
877,1397,1586
877,1543,1586
550,877,1586
877,1026,1586
51,1281,1586
51,157,877,1586
877,1586,2053
459,877,1586
51,709,890,1586
114,877,890,1586
268,877,1586
687,877,1586
549,877,1586
877,1586,1627
877,950,1586
720,877,1586
443,877,1586
200,443,877
443,877,1026
443,877,1488
114,443,877
443,696,877
443,449,877
443,616,877
337,443,877
443,877,1627
450,877,1397,1627
157,317,877,1543,1627
195,1343,1627,1792
195,877,1627
317,640,1627
268,317,877,1627
550,709,877,1627
1343,1536,1627
877,1343,1627
99,1343,1595,1627
877,1595,1627
635,1184,1627
635,877,1627
1627,1671,1889,2077
268,877,1627,2077
877,1627,2053
459,877,1627
1469,1627,1760
877,1469,1627
85,225,1627
85,877,1488,1627
687,709,877,1627
450,1627,1993
321,709,1627
709,877,1488,1627
526,877,1627
157,877,950,1627
157,877,950,1543
200,877,950
550,877,950
877,950,1026
877,950,1488
877,950,2053
459,877,950
63,950,1206
63,877,950,1174
114,157,877,950
268,877,950
687,877,950
157,696,877,950
616,877,950
337,877,950
337,655,738
337,655,877,1543
337,877,1397,2088
337,877,1488,2088
337,550,877
337,877,1026,1971
337,738,1906
337,877,1906
337,877,1488,2053
337,459,877,1488
114,337,877,1488
268,337,877
337,687,877
337,449,877
337,738,1971
337,877,1488,1971
337,377,738
337,377,877
549,877,950
337,549,877
337,877,1627
337,877,1586
337,343,715,738
337,715,877,1488
337,655,715
337,715,1906
343,715,1281,1488
337,715,731,1488
337,715,1488,1971
337,715,1488,1868
337,377,595,715
313,715,2051
177,343,595,715,731
343,595,715
343,1281,1488,1702,1879
343,715,731,1488,1879
177,343,595,1879
343,1249,1281,1543
343,715,1249
343,595,1249
281,343,595,1397
595,715,1397
127,343,1281,1488,2088
343,595,1397,2088
343,541,1281,1543
343,541,715
343,541,595
215,343,715
215,343,595
90,595,2016
90,343,595
90,595,715
198,343,828,1281,1488
343,715,828,1488
343,595,828
198,343,1281,1978
343,715,1978
343,595,1978
177,343,595,1281
343,459,1281,1488,1986
343,715,1488,1986
343,595,1986
198,343,1281,1794
198,343,715,1488
198,343,595
343,772,1281,1670
343,715,772
343,595,772
177,343,1281,1671,1702
343,715,1671
177,343,595,1671
343,715,1968
343,595,1968
198,343,871,1281
343,715,731,871
343,595,871
198,343,1281,1702
343,715,1702
343,595,1702
343,715,1889
343,595,1889
343,715,1358
343,595,1358
595,715,1868
177,343,376,1281
343,376,715
177,343,376,595
377,595,1093
177,343,377,595
343,845,1281
343,715,845
343,595,845
343,525,1281,1760
343,715,1760
343,595,1760
157,343,738,1281
343,595,738
313,343,715
188,343,715
188,343,595
281,343,715
343,715,1531
343,595,1531
343,1531,1879
343,1249,1531
343,1531,2088
343,1531,1978
343,1531,1986
343,1531,1968
343,731,871,1281,1488
343,871,1531
343,376,1531
343,1531,1760
343,738,1531
281,343,1531
281,343,1879
281,343,1249
281,343,541
215,281,343
281,343,828
281,343,1978
281,343,1281
281,343,1986
198,281,343
281,343,772
281,343,1671
281,343,731
177,343,1531
177,281,343
281,343,871
281,343,1702
281,343,1889
281,343,1358
281,343,845
281,343,738
281,343,950
188,281,343
188,343,1879
188,343,1249
188,343,2088
188,215,343
188,343,828
188,343,1978
188,343,1488
188,343,1281
188,343,1986
188,343,772
188,343,1671
188,343,1968
188,343,731
177,188,343
188,343,871
188,343,1889
188,343,376
188,343,1760
188,343,1531
343,541,1531
215,343,1531
343,828,1531
198,343,1531
343,772,1531
343,1531,1671
343,731,1531
343,1531,1702
343,1358,1531
343,845,1531
343,845,1879
343,845,1249
343,845,2088
343,541,845
215,343,845
343,828,845
343,845,1978
343,845,1488
343,845,1986
343,772,845
343,845,1671
343,845,1968
343,731,845
177,343,845
343,845,871
343,845,1889
343,376,845
343,845,1760
343,738,845
188,343,845
188,343,541
188,198,343
188,343,1702
188,343,1358
215,343,1358,1879
59,1281,1358,1543,1670
343,1249,1358,1543
817,1281,1358,1543,1670
343,1358,2088
215,343,541,1358
438,1358,1841
817,1153,1358
343,828,1358
343,1358,1978
343,1358,1488
343,1281,1358,1543
343,1358,1986
198,343,1358,1670
343,772,1358,1670
343,1358,1671
343,1358,1543,1968
343,731,1358,1670
177,343,817,1358
343,817,871,1358
343,1358,1702
343,1358,1889
343,376,1358
343,845,1358
343,1358,1760
343,1760,1879
343,1249,1760
343,1760,2088
343,541,1760
343,828,1760
343,1760,1978
343,1488,1760
343,1760,1986
198,343,1760
343,772,1760
343,1671,1760
343,1760,1968
343,1469,1760
343,731,1760
177,343,1760
343,871,1760
343,1702,1760
343,1760,1889
525,1632,1760
343,376,1760
343,738,1760
343,738,1358
281,343,1760
281,343,1397,2088
215,343,1760
281,343,1488
281,343,1968
281,343,376
177,343,376,1879
343,376,1249
343,376,2088
343,376,541
215,343,376
107,343,376,828
343,376,1978
343,376,1488
343,376,1986
198,343,376
107,376,1536
107,343,376,1671
343,376,772
177,343,376,1671
343,376,1968
177,343,376,731
343,376,871
343,376,1702
343,376,1889
343,376,738
343,738,1249
337,343,738,1488
343,738,1968
63,738,1206
157,343,738,1889
157,343,1702,1879,1889
343,1249,1889
343,541,1889
215,343,1889
157,343,828,1671,1889
343,709,1889,1978
343,1889,1986
198,343,1889
343,772,1671,1889
125,343,1702,1889
177,343,738
177,343,1671,1889
343,871,1889
343,1488,1554,1889
114,343,1702,1889
343,696,1488,1889
343,449,1702,1889
343,709,1488,1889
343,1639,1702,1889
343,1524,1889
343,1627,1889
317,1627,1845,1889
125,1627,1889
317,1554,1627,1889
114,157,877,1627,1889
85,157,696,1627,1889
1627,1639,1889
1524,1627,1889
549,658,1627
195,549,1627
317,549,1627
549,1343,1627,2077
549,1595,1627
549,635,1627,2077
549,877,1627,2077
549,1469,1627
85,549,1627
157,549,877,1627
450,549,1627
549,709,1627
526,549,1627
195,526,1627
317,526,1627
541,549,800
541,549,1627
526,1343,1627
526,1595,1627
526,635,1627
526,1469,1627
85,526,1627
526,1627,1889
85,157,317,1281,1627
157,526,1627
450,526,1627
526,709,1627
492,549,1289
492,549,1627
526,637,986
467,526,637
526,637,1249
526,637,1144
378,526,637
43,526,637
526,637,1660
107,526,637
526,637,1671
526,637,1287
526,637,1627
482,526,637
467,637,1660,2016
467,482,637
637,1144,1249,2048
482,637,1144
378,637,640
378,482,637
43,193,637
43,482,637
637,1249,1660,2051
482,637,1660
107,637,1536
107,482,637
343,637,1249,1671
482,637,1671
637,1249,1287
482,637,1287
467,637,1287
637,1144,1281,1287
43,637,1287
637,986,1249
637,986,1287
637,1287,1660
51,107,637,1287
51,637,1287,1671
317,378,640,1287
214,1189,1343,1671
321,550,1671
51,1281,1287,1380,1553
1343,1671,1792,2077
1281,1287,1343,1792
214,1562,1671,1856
706,1287,1760
1281,1671,1702,1792
753,835,1671,2077
51,157,1281,1671,1702
450,1671,1993
1281,1287,1296,1543
128,567,1671
214,567,1671
550,567,1671
567,1343,1671
51,567,1671
567,828,1671
567,1671,2077
567,1562,1671
107,567,1671
567,1671,1792
567,772,1671
567,890,1671
343,567,1671
177,567,1671
292,567,1671
567,1671,1702
567,835,1671
567,1671,1889
157,567,1671
450,567,1671
567,637,1671
567,764,1671
128,567,961
507,508,567,1697
214,764,1671
550,764,1671
107,1343,1536,1671
764,1343,1671
51,764,1671
764,828,1671
764,1671,2077
288,507,567
764,1562,1671
107,764,1671
764,772,1671
764,890,1671
343,764,1671
177,764,1671
292,764,1671
764,1671,1702
764,835,1671
764,1671,1889
157,764,1671
450,764,1671
637,764,1671
637,1287,1343,1671
51,107,637,1671
107,637,828,1671
637,1671,2077
378,637,1562,1671
637,1671,1792
637,772,1671
378,637,890,1671
177,637,1671
292,637,1671
637,835,1671
637,1671,1889
157,637,1671
450,637,1671
450,1397,1993
450,1397,1671
214,450,1671
450,550,1671
450,1343,1627,1671
51,450,1671
450,828,1671
450,1627,1671,2077
450,1562,1671
450,772,1671
450,890,1671
343,450,1671,1702
292,450,1671
450,835,1671
450,489,1993
157,450,1627,1671
157,450,547,1671
450,547,1397
107,450,489,1671
157,450,547,1627
195,450,1627,1702
317,450,1627
450,1469,1627
450,547,871
450,1702,1993
450,1627,1702,1889
157,450,547,1702
85,450,1627
157,450,489,1627
450,709,1627,1702
450,547,708
157,547,708,1879
157,547,1543
157,338,753,1281,1488
157,317,547
143,157,1274,2048
143,157,547
157,1274,1281,1543
51,157,317,1281,1287
157,828,1281,1543
157,547,828,1488
157,459,753,1281,1543
157,547,871,1281
157,1281,1543,1702,1879
85,157,225
85,157,547,1488
157,489,1281,1543
85,157,696,912,1281,1488
157,449,1281,1702
157,912,1281,1543
157,547,877,1488
157,1281,1396,1543
157,547,1396
157,711,1281
157,547,711
157,827,1281
157,950,1281
157,547,950
157,547,1174,1488
157,1281,1914,2093
157,547,2093
157,1879,2093
157,547,1488,1879
157,1266,1543,2093
157,338,2093
157,317,2093
143,157,2093
157,1274,2093
51,157,2093
157,828,2093
157,1671,2093
157,753,2093
157,1702,2093
85,157,2093
114,157,2093
157,489,2093
157,696,2093
157,1889,2093
157,449,2093
157,912,2093
157,877,2093
157,1396,2093
157,711,2093
157,1627,2093
157,738,2093
157,827,2093
157,950,2093
157,1174,2093
157,1174,1488,1879
157,338,753,1174,1488
157,317,640,1174
143,157,753,1174,2077
157,1174,1274
51,157,709,1174
109,157,696,912,1174
157,828,1174,1488
640,1174,1488
157,835,1174,1671
109,157,696,1174,1702
63,85,157,1174
85,157,696,1174,1488
114,157,835,1174
687,835,1174,1258
157,687,877,1174
157,489,1174,1488
157,709,1174,1627
157,890,1174,1396
157,711,1174
157,711,1879
157,711,1543
157,338,711
157,317,711
143,157,711
157,711,1274
51,107,157,711
107,157,711,828
107,711,1536
157,711,1702
85,157,711
114,157,711
107,157,489,711
157,711,1889
157,449,711
157,711,912
157,711,1396
157,711,1627
157,711,950
157,950,1879
157,338,950
157,317,950
143,157,950
157,950,1274
51,157,950
157,828,950
157,950,1671
157,711,753
63,157,753,950
157,950,1702
63,85,157,950
157,489,950
157,696,711
157,912,950
63,157,950,1396
157,711,738
63,157,738,950
157,711,827
157,827,950
157,827,1879
157,827,1543
143,157,827
157,827,828
157,827,1671
157,827,1702
85,157,827
268,321,827
157,268,827,877
157,827,1396
157,338,1396
157,1274,1396,1543
51,157,1396
157,828,1396
709,890,1396
63,157,753,1396
63,1206,1396,1543
114,157,890,1396
157,489,1396
157,696,890,1396
157,1396,1889
157,449,1396
157,912,1396
157,827,877,1174
157,1396,1627
63,157,738,1396
157,343,738,1879
157,338,738
157,317,738
143,157,738
51,157,738
157,343,738,828
157,343,738,1671
157,343,738,1702
63,85,157,738
63,114,157,738
157,337,738,877
157,738,877,1174
157,738,1627
157,547,738
157,738,827,1174
157,188,738
157,738,1543
63,188,738
188,337,738
63,337,738
188,738,1174
109,738,1174
63,738,1174,2077
63,738,890,1174
687,738,1174
738,835,1174
696,1174,1670
709,738,1174
738,1174,1270
1174,1270,1488
865,1174,1270
890,1174,1270
343,738,1174,1488
1174,1270,1536
753,1174,1270
835,1174,1270
696,1174,1270
827,1174,1270
109,827,1174
63,827,1174
687,827,1174
709,827,1174
640,709,1174
709,865,890,1174
709,1174,1536
696,709,1174,1889
709,1174,1270
321,709,1978
1174,1270,2077
321,709,1473
63,1174,1270
157,1174,1270
195,393,709,1627
321,709,719
877,1174,1270
640,877,1174
109,1174,1270
865,877,1174
114,696,877,890,1174
877,1174,1536
459,753,877,1174,1488
196,338,753
753,1281,1393,1841,2055
143,753,2048
378,640,753,1174
753,1281,1298
753,1165,1281
753,1281,1343,1978
109,709,753,1174,1488
709,753,1281,1488,1978
157,753,877,1174,1488
121,753,1248
256,318,753,1145
593,753,768,1145
340,753,1145,1281
753,1281,1560
258,553,753,1283
120,514,593,753,1145
63,753,865,1174
459,753,1281,1603
63,157,738,753,1174
157,753,827,1174
640,827,1174
459,753,800
827,865,1174
827,890,1174
827,1174,1536
687,709,753,1174
157,696,827,1174
378,640,696,1174
696,890,1174,2077
696,865,890,1174
696,1174,1536
157,696,753,1174,1488
63,85,696,1174
687,696,877,1174
114,696,835,1174
827,835,1174
157,696,738,1174
696,1281,1670,1845
640,738,1174
63,738,865,1174
738,1174,1536
125,393,696
436,696,1554,1670
696,1281,1670,1702
85,225,696
696,912,1281,1670
85,109,696,912,1488
85,157,696,912,1488
212,832,912
85,212,912
212,696,912
85,225,1258
85,109,696,1258
85,912,1258,1281
85,225,433,2003
85,433,696
85,433,912
85,696,1281,1845
696,912,1281,1845
85,696,1380,1670
85,378,696
378,696,912
85,109,696,912
85,225,828
85,157,696,828,1488
85,157,828,912,1281,1488
85,696,1380,1488
85,912,1380,1488
912,1214,1281,2042
85,912,1380,2042
696,912,2042
85,225,1935
85,696,1935
85,912,1935
696,890,1670
63,85,696,890
696,890,912
912,1214,1281,1488
85,912,1214,1281
696,912,1214
85,125,696
125,696,912
85,696,1258,1554
696,912,1488,1554
85,157,696,1281,1702
109,157,696,912,1702
63,85,912
85,114,696,1258
114,157,696,912,1488
157,696,912,1889
812,912,1376
85,812,912
696,812,912
85,225,912
85,157,696,877,1488
157,696,877,912,1488
85,157,912,1627
85,1258,1595,1627
85,433,1627
85,109,912,1258
109,212,912
109,317,912,1281
109,912,1310
109,459,912,2042
109,459,912,1281,1488
109,912,1214
109,402,912
109,812,912
812,1376,1882
212,812,912
812,1130,1376
109,912,1258,1281
548,812,1281,1841
812,1376,1841
812,925,1376
812,912,2042
812,1259,1376
109,912,1281,1702
812,912,1130,1214
812,1376,1741
157,812,912
812,1376,1458
812,1376,2069
812,1376,1948
812,1948,1950
812,1832,1948
812,1597,1948
812,1793,1948
812,1948,2091
812,1401,1948
851,1229,1401
1229,1401,1948
1793,1948,1950,2091
1401,1948,1950
645,1832,1948
1401,1832,1948
113,1401,2042
1401,1948,2042
1401,1682,1948
1597,1948,2051
1401,1597,1948
1088,1793,1948
1401,1793,1948
1401,1948,2091
113,1401,1948
113,212,1401
113,1397,1401
107,113,1536
107,113,212
107,113,1130
107,113,1397
107,113,1401
113,212,832,1397
113,1130,1397,2088
107,592,1536
107,1364,1536
107,859,1343,1536
107,396,1343,1536
107,828,1536
107,1536,1769
107,1536,1556
107,1530,1536
107,516,1343,1536
107,489,1536
107,616,1536
107,685,1536
107,108,1536
107,1490,1536
107,212,1490
107,986,1490
107,1079,1490
107,1362,1490
107,792,1490
107,1490,1493
212,832,1490
212,1490,1493
107,1364,1490
107,396,1490
107,828,1362,1490
139,986,1490
986,1490,1493
1079,1490,1493
107,1490,1556
107,1490,1530
107,1490,1671
107,516,1490
23,107,1490
107,685,1490
1249,1362,1490
107,108,1490
107,637,986,1490
107,235,1490
107,711,1490
792,1490,1493
212,792,1490
792,986,1490
641,751,792
792,1490,1935
792,1079,1490
792,1362,1490
22,59,1249,1362,1543
59,1281,1362,1488
1249,1362,1408
142,1249,1362,1367
1249,1362,1397,1924
451,899,1362
828,1281,1362,1488
986,1362,1490
343,1249,1362,1488
250,1281,1362,1488
828,1362,1488
128,436,1488
436,1362,1488
436,828,1488
1350,1362,1488
828,1350,1488
1258,1488,1792,1879
899,1362,1488,1879
343,828,1488,1879
541,1488,1792,1882
1249,1362,1488,1882
828,1488,1882
22,198,1362,1488
22,828,1362
59,828,1281,1362
212,832,1362,1397
212,912,1362,1488
212,828,1362
363,431,1088,1488
431,1362,1488
431,828,1488
1040,1362,1488
828,1040,1488
1249,1362,1488,1924
343,828,1249,1362
1362,1367,1488
828,1362,1367
1362,1397,1488,2053
828,1362,1397
1488,1761,1792
1249,1362,1488,1761
828,1488,1761
1345,1488,1792,1924
828,1488,1785,1924
1488,1792,2088
212,1362,1488,2088
343,828,1488,2088
899,1362,1488,1924
828,899,1362
196,338,1488
338,1362,1488
157,338,828,1488
828,1281,1488,1845
828,1362,1845
200,1362,1488
200,828,1488
1488,1771,1792
1362,1488,1771
828,1488,1771
519,1362,1397,1488
519,828,1488
1488,1619,1792
1362,1488,1619
828,1488,1619
371,828,1281,1777
59,371,828,1362
371,828,1281,1488
475,828,1281,1785
828,1362,1785
828,1380,1488,1785
109,1362,1488
109,828,1488
1380,1488,1665
1362,1380,1488
85,828,1380,1488
363,1362,1488
363,828,1488
1488,1792,2053
828,1488,2053
1161,1488,1856
1161,1362,1488
828,1161,1488
726,1283,1488,2088
726,1362,1488
726,828,1488
1488,1792,1986
1362,1488,1986
343,828,1488,1986
127,1488,1664
127,1362,1488
127,828,1281,1488
198,1281,1488,1794
459,616,800,1488
459,1362,1488
459,828,1281,1488
56,1362,1488
56,828,1488
107,616,828,1488
1362,1488,1792
828,1281,1488,1792
828,1362,1671
343,828,1488,1671
1488,1783,1792
1362,1488,1783
828,1488,1783
1488,1792,2029
1362,1488,2029
828,1488,2029
731,1362,1488
343,731,828,1488
753,1362,1488
157,753,828,1281,1488
250,828,1281,1362
489,1345,1488,1554,1792
1362,1488,1554
828,1488,1554
114,1362,1488
114,157,828,1488
489,1281,1488,1792
489,1362,1488
157,489,828,1281,1488
696,1281,1488,1670
696,1362,1488
1362,1449,1488
828,1449,1488
157,828,1362
321,363,709,1488
709,1362,1488
709,828,1488
616,1362,1488
212,424,1362,1488
424,828,1281,1488
1281,1488,1792,1914
1362,1488,1914
828,1281,1488,1914
212,1078,1362,1488
828,1078,1488
1488,1792,2001
212,1362,1488,2001
828,1488,2001
1488,1792,1971
1362,1397,1488,1971
828,1488,1971
337,1362,1488
337,828,1488
119,1362,1397,1488
119,828,1488
1362,1488,1490
491,1362,1488
491,828,1488
719,1362,1488
719,828,1488,1845
877,1362,1397,1488
157,828,877,1488
1206,1362,1488
828,1206,1488
1488,1792,1868
1362,1488,1868
828,1488,1868
212,1041,1362,1488
828,1041,1488
212,1147,1362,1488
828,1147,1488
1488,1792,1972
1362,1488,1972
828,1488,1972
849,1362,1488
828,849,1488
794,1362,1488
794,828,1488
547,1362,1488
1174,1362,1488
715,1362,1488
285,431,1488,1826
285,1362,1488
285,828,1488
1488,1712,1792
1362,1488,1712
828,1488,1712
436,1488,1712
1350,1488,1712
1488,1712,1879
1488,1712,1882
431,1488,1712
1040,1488,1712
1488,1712,1761
1488,1712,1924
1488,1712,2088
338,1488,1712
200,1488,1712
1488,1712,1771
519,1488,1712
1488,1619,1712
489,566,1488,1712
109,1488,1712
925,1153,1712
1380,1488,1712
363,1488,1712
1488,1712,2053
1161,1488,1712
726,1488,1712
1488,1712,1986
127,1488,1712
459,1488,1712
56,1488,1712
1488,1712,1783
1488,1712,2029
731,1488,1712
753,1488,1712
1488,1554,1712
114,1488,1712
696,1488,1712
1449,1488,1712
709,1488,1712
616,1488,1712
424,1488,1712
912,1488,1712
1488,1712,1914
1078,1488,1712
1488,1712,2001
1488,1712,1971
337,1488,1712
119,1488,1712
491,1488,1712
719,1488,1712
877,1488,1712
1206,1488,1712
1488,1712,1868
1041,1488,1712
1147,1488,1712
1488,1712,1972
849,1488,1712
794,1488,1712
547,1488,1712
1174,1488,1712
715,1488,1712
285,1488,1712
285,436,1488
285,1350,1488
285,1488,1879
285,1488,1882
285,1488,1761
285,1488,1924
285,1488,2088
285,338,1488
200,285,1488
285,1488,1771
285,519,1488
285,1488,1619
109,285,1488
285,1380,1488
285,363,760,1488
285,1488,2053
285,1281,1488
1281,1488,1712
285,1161,1488
285,726,1488
285,1488,1986
127,285,1488
198,285,1488,1809
285,459,1488
285,1120,1809,1826
56,285,1488
285,760,1826
285,1488,1792
285,1488,1783
285,343,1488
343,1488,1712
285,678,1488,2029
285,731,1488
285,753,1488
285,1488,1554
85,225,1488
85,285,1488
85,1488,1712
114,285,1488
285,489,1488
285,696,1488
285,1449,1488
285,709,1488
285,616,1488
285,424,1488
285,912,1488
285,1488,1914
285,678,1826
285,1078,1488
285,298,1545,1826
285,298,1826,1830
285,1488,2001
285,1488,1971
285,337,1488
119,285,1488
285,491,1488
285,719,1488
285,877,1488
285,1206,1488
285,1488,1868
285,1041,1488
285,1147,1488
285,1488,1972
285,849,1488
285,794,1488
285,547,1488
285,1174,1488
285,715,1488
436,715,1488
715,1350,1488
715,1488,1882
431,715,1488
715,1040,1488
715,1488,1761
715,1488,1924
338,715,1488
200,715,1488
715,1488,1771
313,519,715,1488
715,1488,1619
109,715,1488
715,1380,1488
363,715,1488
715,1488,2053
715,1161,1488
715,726,1488
127,715,731,1488
459,715,1488
56,715,1488
285,933,1488
715,1488,1792
715,1488,1783
715,1488,2029
715,753,1488
715,1488,1554
85,715,1488
114,715,1488
489,715,1488
696,715,1488
715,1449,1488
709,715,1488
616,715,1488
424,715,1488
715,912,1488
715,1488,1914
715,1078,1488
285,1488,1545
285,1488,1830
715,1488,2001
119,715,1488
491,715,1488
715,719,1488
715,1206,1488
715,1041,1488
715,1147,1488
715,1488,1972
715,849,1488
715,794,1488
547,715,1488
715,1174,1488
436,1174,1488
1174,1350,1488
1174,1488,1882
431,1174,1488
1040,1174,1488
1174,1488,1761
1174,1488,1924
1174,1488,2088
1174,1488,1771
519,1174,1488
1174,1488,1619
1174,1380,1488
753,1174,1488,2077
363,1174,1488
1161,1174,1488
726,1174,1488
1174,1488,1536,1986
127,1174,1488
198,1174,1488
56,1174,1488
1174,1488,1792
865,1174,1488
696,709,890,1174,1488
1174,1488,1783
1174,1488,2029
696,1174,1488,1554
114,835,1174,1488
1174,1449,1488
424,1174,1488
1174,1488,1914
1078,1174,1488
1174,1488,2001
1174,1488,1971
119,1174,1488
491,1174,1488
709,719,1174,1488
1041,1174,1488
1147,1174,1488
1174,1488,1972
849,1174,1488
794,1174,1488
827,1174,1488
343,595,715,1488
313,377,595,715
313,519,2051
313,715,731
313,1971,2051
313,715,1488,1971
313,337,377,715
313,715,1868
313,715,950
313,519,950
313,950,1971
313,377,2051
313,377,950
313,377,519
313,337,377,1971
212,377,832
177,377,1281
177,212,377,595
177,337,377
177,235,377
177,313,377
177,295,377
177,377,469
177,377,1093
177,343,817,1281,1879
177,730,1281,1709
177,343,871,1281,1709
177,890,1281,1978
177,343,731,1281,1488
337,377,1093
235,377,1093
177,622,1281
313,377,1093
212,377,1093
212,831,832,1397
212,832,1230
212,832,1625
212,743,832
212,832,1004
212,832,1172
212,832,1588
212,832,1761
212,832,1397,2088
212,215,832
212,832,1974
212,800,832,1397
212,832,1267
26,212,2041
212,308,832
212,457,832
212,424,832
212,832,1078
212,832,1331
212,832,1984
212,832,2001
212,337,377,655
212,235,377
212,627,832
212,832,978
212,832,1041
212,832,1147
212,832,1623
212,832,1397,1858
212,313,377
212,295,377
212,377,469
337,377,469
235,377,469
313,377,469
377,469,595
295,377,469
295,337,377
235,295,377
295,313,377
295,377,595
235,377,595
235,337,377
235,313,377
212,377,831
212,377,1230
212,377,1625
212,377,743
212,377,1004
212,377,1172
212,377,1543
212,377,1588
212,377,1761
212,215,377
212,377,1974
212,377,1267
26,212,377
212,308,377
212,377,457
212,377,1078
212,377,1331
212,377,2001
212,377,1362
212,377,1490
71,212,377
113,212,377
212,377,602
212,377,627
212,377,978
212,377,1041
212,377,1147
212,377,1623
212,377,1858
212,1625,1858
212,1004,1858
212,1172,1858
212,1588,1858
212,1761,1858
212,1397,1858,2088
212,800,1397,1858
212,308,1858
212,457,1858
212,424,1858
212,912,1858
212,1858,1984
212,1858,2001
113,212,1397,1858
212,1041,1858
212,831,1041
212,1041,1230
212,1041,1625
212,743,1041
212,655,1041
212,1004,1041
212,1041,1172
212,1041,1543
212,1041,1588
212,1041,1488,1761
212,215,1041
212,1041,1974
212,1041,1267
26,212,1041
212,308,1041
177,212,1281,1543
177,212,1858
177,212,1041
212,457,1041
212,1041,1078,1488
212,1041,1331
212,1041,1488,2001
212,1041,1490
71,212,1041
113,212,1041
212,602,1041
212,627,1041
212,978,1041
212,1041,1623
212,831,1623
212,1230,1623
212,1623,1625
212,743,1623,1918
212,655,1623,1918
212,1004,1623
212,1172,1623
212,1543,1623
212,1588,1623
212,1623,1761,1918
212,1623,1918,2088
212,215,1623,1918
212,1623,1974
212,800,1623
212,1267,1623
26,212,1623
212,308,1623
177,212,1623
212,457,1623
212,424,1623
212,912,1623
212,1078,1623
212,1331,1623
212,1623,1984
212,1623,2001
212,1362,1623
212,1490,1623
71,212,1623
113,212,1623
212,602,1623
212,627,1623
212,978,1623
212,1147,1623
212,1623,1858
212,831,1397,1858
212,1230,1858
212,743,1858
212,655,1858
212,1543,1858
212,215,1858
212,1858,1974
212,1267,1858
772,1562,1858
26,212,1858
212,1078,1858
212,1331,1858
212,1362,1397,1858
212,1490,1858
71,212,1858
212,602,1858
212,627,1858
212,978,1858
212,1147,1858
212,1147,1625
212,1004,1147
212,1147,1172
212,1147,1588
212,1147,1488,1761
212,1147,1488,2088
212,800,1147
26,212,1147
212,308,1147
177,212,1147
212,457,1147
212,424,1147,1488
212,912,1147,1488
212,1147,1331
212,1147,1984
212,1147,1488,2001
212,1147,1490
113,212,1147
212,602,1147
212,627,1147
212,978,1147
212,831,978
212,978,1230
212,743,978
212,655,978
212,978,1543
212,215,978
212,978,1974
212,978,1267
26,212,978
212,978,1078
212,978,1331
212,978,1362
212,978,1490
71,212,978
212,602,978
212,627,978
212,365,627,1625
546,627,1882
212,627,1004
212,627,1172
212,627,1588
212,627,1761
212,627,2088
546,627,871,925,2047
212,627,800
26,212,627
212,308,627
177,212,627
212,457,627
212,424,627
212,627,912
212,627,1331
212,627,1984
212,627,2001
212,627,1362
212,627,1490
113,212,627
212,602,627
212,602,831
212,602,1230
212,602,743
212,602,655
212,602,1543
212,215,602
212,602,1974
212,602,1267
26,212,602
212,602,1078
212,602,1331
212,602,1362
212,602,1490
71,212,602
71,212,831,1543
71,212,1230,1543
71,212,1543,1625
71,212,743,1543
71,212,655,1543
71,212,1004
71,212,1172
71,212,1588
71,212,1761
71,212,2088
71,212,832
71,212,215
71,212,1543,1974
71,212,800,1543
71,212,1267
26,71,212
71,212,308,1543
71,177,212
71,212,457
71,212,424,1543
71,212,912
71,212,1078
71,212,1331
71,212,1984
71,212,1543,2001
71,212,1362
71,212,1490
71,113,212
71,212,627
71,212,1147
212,831,1147
212,1147,1230
212,743,1147
212,655,1147
212,215,1147
212,1147,1974
212,1147,1267
212,1078,1147,1488
212,298,831,1078
212,1078,1230
212,1078,1625
212,743,1078
298,1078,1120,1793
212,298,655,1078
212,1004,1078
212,1078,1172
212,1147,1543
212,298,1078,1543
212,1078,1588
212,1078,1488,1761
212,1078,1488,2088
212,215,1078
212,1078,1974
212,800,1078
212,1078,1120,1267
26,212,1078
212,308,1078,1120
177,212,1078
212,457,1078
212,424,1078,1488
212,912,1078,1488
212,298,1078,1331
212,1078,1120,1984
212,1078,1488,2001
212,1078,1490
113,212,1078
212,627,1078
212,365,627,831
212,627,1230,1882
212,627,743,1882
212,627,655
212,365,627,1543
212,215,627
212,627,925,1974
212,627,1267
212,1267,1625
212,1004,1267
212,1172,1267
212,1267,1588
212,1267,1761
212,1267,2088
212,308,800,1267
26,212,1267,1986
177,212,1267
212,457,1267
212,424,1267
212,912,1267
212,298,1267,1331
212,1120,1267,1984
212,1267,2001
212,1267,1362
212,1267,1490
113,212,1267
113,212,831,1130
113,212,1130,1230
113,212,1625
113,212,743
113,212,655,1130
113,212,1004
113,212,1172
113,212,1130,1543
113,212,1588
113,212,1761
113,212,215
113,212,1974
26,113,212
113,177,212
113,212,457
113,212,1331
113,212,2001
113,212,1362,1397
107,113,212,1490
113,212,602
113,212,978
212,978,1625
212,978,1004
212,978,1172
212,978,1588
212,978,1761
212,978,2088
212,800,978
212,308,978
113,212,308
177,212,978
212,457,978
212,424,978
212,912,978
212,978,1984
212,978,2001
212,831,1543,2001
212,1230,1543,2001
212,1543,1625,2001
212,743,1543,2001
212,655,1543,2001
212,1004,2001
212,1172,2001
1088,1183,2001
212,1588,2001
212,1488,1761,2001
212,215,2001
212,1543,1974,2001
536,640,2001
26,212,2001
212,308,1543,2001
177,212,2001
212,457,2001
212,616,800,1543,2001
1381,1450,2001
673,1458,1543,2001
212,1331,2001
212,1490,2001
212,602,2001
212,602,1625
212,602,1004
212,602,1172
212,602,1588
212,602,1761
212,602,2088
212,602,800
212,308,602
177,212,602
212,457,602
212,424,602
212,602,912
212,602,1984
212,298,831,1984
212,1230,1984
212,1625,1984
212,743,1984
212,298,655,1984
212,1004,1984
212,1172,1984
212,298,1543,1984
212,1588,1984
212,1761,1984
212,1984,2088
212,215,1984
212,1974,1984
212,800,1984
26,212,1984
212,308,1120,1984
177,212,1984
212,457,1984
212,424,1984
212,912,1984
212,298,1331,1984
212,1984,2001
212,1362,1984
212,1490,1984
113,212,1984
212,377,1984
212,1041,1984
212,1041,1488,2088
212,800,1041
212,424,1041,1488
212,912,1041,1488
212,831,912
212,912,1230
212,912,1625
212,743,912
212,655,912
212,912,1004
212,912,1172
212,912,1281,1543
212,912,1588
212,912,1488,1761
212,912,1488,2088
212,215,912
212,912,1974
212,800,912,1214
26,212,912
212,308,912,2042
177,212,912,1281
212,457,912
212,424,912,1281
212,912,1331
212,912,1488,2001
212,912,1490
113,212,912
212,377,912
212,337,377,2088
212,377,800
212,377,424
212,424,831,1543,1879
212,424,1230,1543,1879
59,212,424,1543,1625
212,424,743,1543
59,212,424,655,1543
212,424,1004
212,424,1172
212,424,1588
212,424,1488,1761
212,424,717,2088
212,215,424,1879
212,424,1543,1974
212,424,800,1543
26,212,424
212,308,424,1543
212,424,457
212,424,1331
212,424,1543,2001
212,424,1490
113,212,424
113,212,1130,2088
113,212,800,1397
177,212,424,1281
177,212,343,2088
177,212,832
177,212,731,800
212,800,831,1543
212,541,800,1230,1543
212,800,1543,1625
212,743,800,1543
212,655,800,1543
212,800,1004
212,800,1172
212,800,1588
212,800,1761
212,800,1397,2088
212,215,541,800
212,800,1543,1974
26,212,800
212,457,800
212,800,1331
212,800,1362,1397
212,800,986,1490
212,1490,1625
212,1004,1490
212,1172,1490
119,800,1397,1543
212,1490,1588
212,1490,1761
212,1490,2088
343,541,731,800
177,212,1490
212,457,1490
212,457,831
212,457,1230
143,212,457,1625
143,212,457,743
212,457,655
212,457,1004
212,457,1172
212,457,1543
212,457,1588
212,457,1761
143,457,2048
212,215,457
212,457,1974
26,212,457
212,308,986,1490
212,308,457
177,212,457
143,388,457,1281
212,457,1331
33,457,496
33,212,457
33,143,457
15,143,1625,2048
143,1662,1869,2048
143,457,1869
143,442,2048
143,442,457
122,143,454,2048
143,454,457
143,683,2048
143,457,683
143,743,1249,2048
143,938,2048
143,457,938
143,1866,2048
143,457,1866
143,636,732,2048
143,457,636
143,850,2048
143,457,850
143,1094,2048
143,457,1094
143,1154,1625,1989,2048
143,457,1154
143,1213,2048
143,457,1213
143,1249,1625,2048
143,457,1249
143,1258,2048
143,457,1258
143,1283,2048
143,457,1283
143,1249,1924,2048
143,457,1924
143,433,2048
143,433,457
143,911,1662,2048
143,457,911
143,317,1625,2048
143,317,457
143,387,2048
143,387,457
143,457,1144
143,1167,1625,2048
143,457,1167
143,1246,2048
143,457,1246
143,1625,1989,2006,2048
143,457,2006
15,143,454,1258,1281
15,143,457
33,496,1231
143,260,732,2048
143,260,457
122,143,692,2048
143,457,692
143,859,2048
143,457,859
143,955,1249,2048
143,457,955
143,1255,2048
143,457,1255
143,1503,1662,2048
143,457,1503
143,1771,2048
143,457,1771
143,283,1662,2048
143,283,457
143,1249,1907,2048
143,457,1907
143,816,1662,2048
143,457,816
143,754,2048
143,457,754
143,817,2048
143,457,817
143,847,1662,2048
143,457,847
143,925,2048
143,457,925
43,143,193,1246
43,143,457
143,2048,2077
143,457,2077
143,363,2048
143,363,457
143,390,732,2048
143,390,457
121,143,1248
121,143,457
143,355,1662,2048
143,355,457
143,1253,2048
143,457,1253
143,310,2048
143,310,457
143,621,2048
143,457,621
143,1086,1662,2048
143,457,1086
16,143,1665
16,143,457
143,1001,2048
143,457,1001
143,1981,2048
143,457,1981
143,1088,2048
143,457,1088
143,144,2048
143,144,457
143,457,753
143,1440,2048
143,457,1440
143,1589,2048
143,457,1589
143,1114,2048
143,457,1114
143,157,457
143,201,2048
143,201,388,457
143,457,943
143,2009,2048
143,457,2009
514,691,2009
143,1144,2009
143,816,2009
645,1832,2009
16,143,2009
642,1389,2009
143,1088,2009
143,144,2009
143,1440,2009
143,1440,1625
143,1440,1869
143,442,1440
143,454,1440
143,683,1440
143,743,1440
143,938,1440
143,1440,1866
143,636,730,1440
143,850,1440
143,1094,1440
143,1154,1440
143,1213,1440
143,730,1249,1440
143,1258,1440
143,1283,1440
143,1440,1924
143,433,1440
143,730,911,1440
143,317,730,1440
143,387,1440
258,730,1440
143,260,730,1440
143,1144,1440
143,1167,1440
143,1246,1440
143,1440,2006
15,143,1440
143,692,1440
143,730,859,1440
143,955,1440
143,394,1255,1440
143,730,1440,1503
143,1440,1771
143,283,1440
143,1440,1907
143,730,816,1440
143,754,1440
143,817,1440
143,847,1440
143,925,1440
43,143,1440
143,1440,2077
143,363,1440,1597
143,390,730,1440
121,143,1440
143,355,730,1440
143,1253,1440
143,310,1440
143,621,730,1440
143,1086,1440
16,143,1440
143,1001,1440
1440,1532,1597,2068
143,1440,1532
143,1281,1440
143,1440,1981
143,1088,1440
143,144,730,1440
143,753,1440
143,1440,1589
143,1114,1440
143,157,1440
143,201,1440
143,943,1440
143,1249,1440,1859
1130,1153,1859
831,1164,1249,1859
48,730,1440,1859
1440,1532,1859
394,1440,1859
1249,1408,1859
394,730,1440
394,398,1440
394,1440,1597
129,162,1146,1597,1895
1054,1597,1922
1547,1597,1895,2051
298,688,1597,1793
490,1054,1075,1597,2068
421,1281,1543,1597
1067,1074,1258,1597
541,800,1543,1597
730,1343,1440,1597
258,1023,1597,1895
135,815,1597,1988
193,960,1597
1343,1536,1597,1986
129,421,815,1597
475,1146,1281,1597
1597,1911,2051
298,363,1088,1597
256,815,1597,2068
516,864,1281,1597
1283,1597,1606,2051
545,1597,1614,2051
545,1597,1906,2051
1205,1597,2051,2068
898,1097,1532,1597
417,1180,1597,1895
543,864,1597,1797
1161,1343,1597,1856
1597,1706,2051
1597,1986,2051
198,1067,1281,1597
490,917,1054,1597,2068
1597,1809,2051
1597,1920,2051
56,478,1067,1597
1597,1782,2051
1097,1124,1337,1597
301,753,1343,1597
516,1281,1543,1597
258,722,1597,1895
906,1597,1600,2068
298,881,1088,1597
298,1088,1444,1597
915,1120,1424,1597,1906
1597,1607,2051
541,1067,1597,1792
1597,1998,2051
678,976,1597,2068
298,401,1597,1826
688,1120,1424,1597,1906
585,1354,1597
1597,1784,2051
1597,1826,2051
213,1573,1597
1597,1941,2051
1597,1873,2051
765,1381,1597
1130,1543,1566,1597
301,631,1597,1614
1114,1543,1594,1597
1597,1686,2051
1597,1952,2051
1597,2017,2051
678,1597,2017
1597,1873,2017
1054,1597,2017
162,1054,1597,1873
1597,1895,2017
162,1597,1873,1895
298,1597,2017
298,361,1597,1873
1075,1597,2017
1075,1597,1873
1543,1597,2017
1543,1597,1873
1074,1597,2017
1074,1597,1873
541,1597,2017
541,1597,1873
1023,1597,2017
1023,1597,1873
135,1597,2017
135,1597,1873
193,1597,2017
193,1597,1873
1343,1597,2017
1343,1597,1873
421,1597,2017
421,667,1597,1873
475,1597,2017
475,1597,1873
1597,1911,2017
1597,1873,1911
363,1597,2017
363,1597,1873
815,1597,2017
815,1597,1873
864,1597,1873
1597,1606,2017
667,1597,1606,1873
1146,1597,2017
162,1146,1597,1873
1597,1614,2017
1597,1614,1873
1597,1906,2017
1597,1873,1906
678,1597,2017,2068
162,1597,1873,2068
162,1532,1597,1600,2068
1532,1597,2017
1532,1597,1873
256,361,1873
361,678,1873,2017
1097,1597,2017
1097,1597,1873
688,1597,1873
667,1408,1873
667,1873,2017
1180,1597,2017
1180,1597,1873
543,1597,2017
543,1597,1873
1161,1597,2017
1161,1597,1873
1597,1706,2017
1597,1706,1873
1597,1986,2017
1597,1873,1986
198,1597,2017
198,1597,1873
917,1597,2017
917,1597,1873
1597,1809,2017
1597,1809,1873
1597,1873,1920
56,1597,1873
1597,1782,2017
1597,1782,1873
1337,1597,2017
1337,1597,1873
301,1597,2017
301,1597,1873
516,1597,2017
516,1597,1873
722,1597,2017
722,1597,1873
1440,1597,1873
906,1597,2017
906,1597,1873
881,1597,2017
881,1597,1873
1444,1597,2017
1444,1597,1873
915,1597,2017
915,1597,1873
1597,1607,2017
1597,1607,1873
517,1597,2017
517,1597,1873
1067,1597,2017
1067,1597,1873
1597,1998,2017
1597,1873,1998
678,1793,2017
976,1597,1873
401,1597,2017
401,1597,1873
1424,1597,1873
1354,1597,2017
1354,1597,1873
1597,1784,1873
1597,1826,2017
1597,1826,1873
1573,1597,2017
1573,1597,1873
678,1597,1941,2017
1597,1873,1941
1381,1597,2017
162,1381,1597,1873
1566,1597,2017
1566,1597,1873
478,1597,2017
478,1597,1873
631,1597,2017
631,1597,1873
735,1597,2017
735,1597,1873
1594,1597,2017
1594,1597,1873
1597,1686,2017
1597,1686,1873
1597,1948,2017
1597,1873,1948
1597,1873,1952
326,1873,2017
326,361,1873
326,667,1873
271,361,667,1873
136,256,271,361,1253,1437
129,162,1873
162,667,1873,1895
24,361,898
298,361,678,1793
385,667,1664
385,667,1873
136,256,361,405,1308
667,1408,1646
667,1646,1873
256,361,1332,1808
258,385,514,667
258,667,1873
136,256,361,498,1132
129,271,421,667,1069
136,256,271,361,490,1253,1517
136,256,271,361,490,1132,1253
145,361,1666
147,271,545,667
147,667,1873
145,209,232,361
256,318,361,638
667,1408,1828
667,1828,1873
278,667,1873
256,271,339,503,667,1471
339,667,1873
256,361,414,501,1132,1253
667,1408,1606
256,271,361,1253,1811
667,1408,1471
667,1471,1873
256,361,1517,1533
256,361,1132,1517,1555
667,985,1408
667,985,1873
667,809,1408
667,809,1873
667,1017,1408
667,1017,1873
68,136,145,242,361
256,339,503,667,1017
503,667,1873
104,271,667,1568
130,242,361,498,1132,1555
667,1408,1652
667,1652,1873
256,361,678,2068
256,361,1517,1791
361,498,1517,1791
361,1291,1791
130,256,361,405,1132,1895
361,1791,1895
24,361,1791
129,256,271,361,1069,1132
271,361,1791
361,405,1791
136,256,271,361,1069,1132,1263
361,1069,1791
1291,1517,1761,1791
361,1791,1808
361,1308,1791
361,498,1132,1791
361,1253,1517,1791
145,361,1791
209,361,1791
361,638,1791
361,501,1791
298,1120,1291,1984
1120,1291,1791
361,498,1517,1533,1791
361,498,1517,1555,1791
68,361,1791
242,361,498,1791
361,678,1791
673,1120,1291,2039
1291,1791,2039
361,1791,1873
