1564 380 873 1820 717 2031 54 503 911 414 501 1726 278 1471 819 1053 638 271 1693 327 333 542 1069 1771 1023 421 1413 598 667
667 1564 380 873 1820 717 2031 54 503 911 414 501 1726 278 1471 819 1053 638 271 1693 327 333 542 1069 354 421 1023 1413 598 667
667 1564 380 873 1820 717 2031 54 503 911 414 501 1726 278 1471 819 1053 638 271 1693 327 333 542 1717 209 354 147 421
421 1564 380 873 1820 717 2031 54 503 911 414 501 1726 278 1471 819 1053 638 271 1693 327 333 542 1069 1771 1023 421 147
147 1564 380 873 1820 717 2031 54 503 911 414 501 1726 278 1471 819 1053 638 271 1693 327 333 542 1069 354 1263 209 147
147 1564 380 873 1820 717 2031 54 503 911 414 501 1726 278 1471 819 1053 638 271 1693 327 333 542 1069 354 421 1023 147
147 1564 380 873 1820 717 2031 54 503 911 414 501 1726 278 1471 819 1053 638 271 1693 327 333 542 1069 354 421 209 147
147 1564 380 873 1820 717 2031 54 503 911 414 501 1726 278 1471 819 1053 638 271 1693 327 333 542 1069 354 421 209 667
667 1564 380 873 1820 717 2031 54 503 911 414 501 1726 278 1471 819 1053 638 271 1693 327 333 542 1069 1771 1263 147
147 1564 380 873 1820 717 2031 54 503 911 414 501 1726 278 1471 819 1053 638 271 1693 327 333 542 1069 98 667 209
209 1564 380 873 1820 717 2031 54 503 911 414 501 1726 278 1471 819 1053 638 271 1693 327 333 542 1069 98 667 1413
1413 99 1728 767 665 1099 1642 2080 446 1163 210 124 62 31 1835 493 1496 103 520 306 474 566 762 191 575
575 1564 380 873 1820 717 2031 54 503 911 414 501 1726 278 1471 819 1053 638 271 1828 421 1069 147 1023 1771
1771 99 1728 767 665 1099 1642 2080 446 1163 210 124 62 31 1835 493 1496 103 520 306 474 566 762 1672
1672 1564 380 873 1820 717 2031 54 503 911 414 501 1726 278 1471 819 1053 638 271 1828 421 1069 147 209
209 1642 767 2080 31 446 124 210 1163 493 1099 1496 103 62 1728 1835 371 474 762 306 520 566
566 1564 380 873 1820 717 2031 54 503 911 414 501 1726 278 885 1069 1023 421 1771 271 333 667
667 1564 380 873 1820 717 2031 54 503 911 414 501 1726 278 885 1069 1023 421 1771 271 1828
1828 1564 380 873 1820 717 2031 54 503 911 414 501 1726 278 885 1069 98 271 333 667
667 99 1728 767 665 1099 1642 2080 446 1163 210 124 62 31 1835 493 1496 103 1798
1798 1564 380 873 1820 717 2031 54 503 911 414 501 1726 278 1471 819 679 1023 1069
1069 274 2080 1163 446 1099 1728 31 493 1642 1496 767 474 566 103 124 210 62
62 1564 380 873 1820 717 2031 54 503 911 414 501 1726 278 885 1069 1023 679
679 1642 767 2080 31 446 124 210 1163 493 1099 1496 103 62 1505 306 371
371 1564 1139 503 911 1693 414 1471 717 2031 873 819 1726 501 1717 542 54
54 99 1728 767 665 1099 1642 2080 446 1163 210 124 62 1225
1225 1642 767 2080 31 446 124 210 1163 304 762 566
566 1606 1023 1820 911 2031 873 1771 380 271 598 667
667 1564 380 873 1301 1023 503 885 278 1069 333 911
911 1564 258 414 1471 1726 501 717 638 819
819 1722 793 651 1648 413 898 558 2058
2058 7 146 1810 226 815 46 882 1687
1687 1642 767 2080 31 446 124 499 566
566 1642 767 2080 31 446 183 762 566
566 558 413 898 2058 1014 1648 651 48
48 558 413 898 2058 1014 1648 651 793
793 1135 1307 13 816 409 1305 689 674
674 1135 1307 13 816 409 1184 674 689
689 1135 1307 13 816 409 1184 674 481
481 1564 380 873 1820 1572 421 1023 885
885 281 715 313 1536 595 376 1986
1986 1642 767 2080 31 446 2075 1099
1099 1642 767 2080 31 446 124 859
859 1642 767 2080 31 446 397 306
306 1768 1307 13 1135 816 409 674
674 1135 1307 13 816 701 352 1305
1305 1135 1307 13 816 409 1305 352
352 1135 1307 13 816 409 1184 352
352 1135 1307 13 816 409 1184 1659
1659 1564 380 873 1820 1572 421 209
209 497 146 1810 46 1687 7
7 1178 1122 797 768 291 1410
1410 1178 1122 797 768 291 634
634 1135 1307 13 816 409 1917
1917 1135 1307 13 816 409 1568
1568 794 1449 1707 1594 393 125
125 393 1449 125 196 1707 1594
1594 1696 1342 292 1626 991
991 2059 332 1071 691 1072
1072 242 1435 1555 498 1791
1791 281 715 313 1536 377
377 1399 1135 689 816 1305
1305 1642 767 2080 31 216
216 1642 767 2080 31 650
650 703 701 1305 1332 995
995 411 1034 1699 1897 704
704 558 413 898 1908 793
793 558 413 898 2058 1033
1033 1866 1210 1643 428 374
374 1332 816 1305 701 1135
1135 1332 816 1305 701 995
995 1332 816 1305 689 1135
1135 1332 816 1184 1135 689
689 1135 1307 13 816 1540
1540 884 353 68 1811 1895
1895 1189 1069 679 1023 885
885 1564 380 684 1726 421
421 195 1997 393 125
125 2059 332 1489 691
691 2059 332 1071 1766
1766 242 1435 1555 1197
1197 1431 1852 74 1946
1946 1431 1852 74 533
533 703 701 1305 352
352 477 1023 965 415
415 1189 1069 679 795
795 1931 1449 393 125
125 393 1449 125 1997
1997 393 1449 125 1846
1846 1564 380 713 421
421 