1564 380 873 911 278 503 1726 54 414 1820 2031 501 717 1471 819 1069 1053 638 271 333 1693 542 327 354 421 1023 1413 598 667
667 1564 380 873 911 278 503 1726 54 414 1820 2031 501 717 1471 819 1069 1053 638 271 333 1693 542 327 1771 1023 421 1413 598 667
667 1564 380 873 911 278 503 1726 54 414 1820 2031 501 717 1471 819 1717 333 209 1693 542 1053 327 421 147 638 271 354
354 1564 380 873 911 278 503 1726 54 414 1820 2031 501 717 1471 819 1069 1053 638 271 333 1693 542 327 354 421 1023 147
147 1564 380 873 911 278 503 1726 54 414 1820 2031 501 717 1471 819 1069 1053 638 271 333 1693 542 327 354 421 209 147
147 1564 380 873 911 278 503 1726 54 414 1820 2031 501 717 1471 819 1069 1053 638 271 333 1693 542 327 354 421 209 667
667 1564 380 873 911 278 503 1726 54 414 1820 2031 501 717 1471 819 1069 1053 638 271 333 1693 542 327 354 1263 147 209
209 1564 380 873 911 278 503 1726 54 414 1820 2031 501 717 1471 819 1069 1053 638 271 333 1693 542 327 1771 1023 421 147
147 1564 380 873 911 278 503 1726 54 414 1820 2031 501 717 1471 819 1069 1053 638 271 333 1693 542 327 1771 1263 147
147 1564 380 873 911 278 503 1726 54 414 1820 2031 501 717 1471 819 1069 1053 638 271 333 1693 542 327 98 667 1413
1413 1564 380 873 911 278 503 1726 54 414 1820 2031 501 717 1471 819 1069 1053 638 271 333 1693 542 327 98 667 209
209 191 124 1728 493 99 1099 566 103 575 446 210 474 62 306 1496 520 1642 1163 2080 767 1835 31 665 762
762 1564 380 873 911 278 503 1726 54 414 1820 2031 501 717 1471 819 1069 1053 638 271 1828 421 147 1023 1771
1771 493 124 446 62 31 767 1099 103 210 1496 1642 1163 2080 1728 566 474 306 520 1835 762 99 1672 665
665 1564 380 873 911 278 503 1726 54 414 1820 2031 501 717 1471 819 1069 1053 638 271 1828 421 147 209
209 493 124 446 62 31 767 1099 103 210 1496 1642 1163 2080 1728 566 474 306 520 1835 762 371
371 1564 380 873 911 278 503 1726 54 414 1820 2031 501 717 885 1069 1023 1771 271 421 333 667
667 1564 380 873 911 278 503 1726 54 414 1820 2031 501 717 885 1069 1023 1771 271 421 1828
1828 1564 380 873 911 278 503 1726 54 414 1820 2031 501 717 885 1069 98 333 271 667
667 493 124 446 62 31 767 1099 103 210 1496 1642 1163 2080 1728 1798 99 1835 665
665 1564 380 873 911 278 503 1726 54 414 1820 2031 501 717 1471 819 1069 679 1023
1023 493 124 446 62 31 767 1099 103 210 1496 1642 1163 2080 1728 566 474 274
274 1564 380 873 911 278 503 1726 54 414 1820 2031 501 717 885 1069 1023 679
679 493 124 446 62 31 767 1099 103 210 1496 1642 1163 2080 1505 306 371
371 1564 1139 873 54 1693 542 911 1471 501 414 1726 1717 503 2031 717 819
819 1728 124 446 62 767 1225 99 1099 210 1163 1642 2080 665
665 566 446 31 767 2080 1642 124 304 210 1163 762
762 1606 1023 873 1771 598 911 1820 667 2031 271 380
380 1564 380 873 911 278 503 1301 1023 333 885 1069
1069 1564 258 1471 501 638 414 717 819 1726
1726 2058 413 898 558 1648 651 793 1722
1722 2058 413 898 558 1648 651 793 1014
1014 2058 413 898 558 1648 651 48 1014
1014 1305 816 1135 689 1307 13 409 674
674 566 446 31 767 2080 1642 183 762
762 566 446 31 767 2080 1642 124 499
499 1810 1687 146 46 7 882 226 815
815 816 1135 1307 13 409 1184 674 481
481 816 1135 1307 13 409 1184 674 689
689 1564 380 873 1572 1820 421 1023 885
885 1986 595 715 376 281 1536 313
313 1305 816 1135 701 352 13 1307
1307 1305 816 1135 352 409 13 1307
1307 816 1135 1307 13 409 1768 674
674 816 1135 1307 13 409 1184 1659
1659 816 1135 1307 13 409 1184 352
352 397 446 767 1642 31 2080 306
306 1642 767 2080 31 446 2075 1099
1099 1642 767 2080 31 446 859 124
124 1564 380 873 1572 1820 421 209
209 1594 125 393 1449 1707 196
196 1594 125 393 1449 1707 794
794 1410 1122 768 1178 291 797
797 1810 1687 146 46 7 497
497 1917 816 13 1135 409 1307
1307 816 1135 1307 13 409 1568
1568 1178 797 634 768 1122 291
291 2058 413 898 558 1033
1033 1189 1023 679 885 1069
1069 1435 242 1555 1791 498
498 991 1696 1626 1342 292
292 704 1699 1897 411 1034
1034 1305 816 995 701 1332
1332 1305 816 1135 701 1332
1332 1305 816 1135 689 1332
1332 1305 816 1135 689 1399
1399 1305 703 701 1332 995
995 816 1135 1332 1184 689
689 816 1135 1307 13 1540
1540 558 413 1908 793 898
898 1642 767 2080 31 650
650 1642 767 2080 31 216
216 715 1536 377 281 313
313 1811 884 68 1895 353
353 1564 380 684 421 1726
1726 428 374 1866 1643 1210
1210 691 332 1071 1072 2059
2059 477 1023 965 415
415 1189 795 679 1069
1069 1435 242 1555 1197
1197 1305 703 701 352
352 125 393 195 1997
1997 125 393 1449 1846
1846 125 393 1449 1997
1997 125 393 1449 1931
1931 1946 1852 1431 74
74 74 533 1852 1431
1431 1564 380 713 421
421 1489 691 332 2059
2059 1766 1071 332 2059
2059 