1564 414 1726 54 1693 542 911 1471 717 819 501 503 873 2031
2031 1564 414 1726 54 1693 542 911 1471 717 819 501 503 873 278
278 1564 414 1726 54 1693 542 911 1471 717 819 501 503 1820 278
278 1564 414 1726 54 1693 542 911 1471 717 819 1053 1820
1820 333 54 1693 542 1471 1726 717 819 278
278 124 446 2080 767 1642 1163 62
62 124 446 2080 767 1642 31 1099
1099 124 446 2080 767 1642 31 62
62 124 446 2080 767 1642 31 566
566 124 446 2080 767 493 1163
1163 446 767 1496 1642 31 2080
2080 124 446 2080 767 210
210 409 816 1135 13 1307
1307 767 103 1642 31 2080
2080 46 882 1810 1687 226
226 446 767 1728 1163
1163 411 1699 704 1034
1034 1564 414 1726 638
638 